18
18
0
0
0
216
216
216
216
216
216
216
216
216
216
216
216
216
216
216
216
216
216
216
216
216
216
216
216
216
216
216
216
216
216
216
216
216
216
216
216
216
216
216
216
216
216
216
216
216
216
216
216
0
0
0
216
216
216
8
20
24
8
20
24
8
20
24
8
20
24
16
36
57
16
36
57
16
36
57
35
93
115
8
28
49
8
28
49
8
28
49
8
28
49
0
16
24
0
16
24
0
16
24
0
16
24
216
216
216
216
216
216
8
20
24
8
20
24
8
20
24
27
70
87
16
36
57
16
36
57
35
93
115
35
93
115
63
99
117
63
99
117
63
99
117
8
28
49
49
79
93
0
16
24
0
16
24
0
16
24
216
216
216
216
216
216
8
20
24
8
20
24
27
70
87
47
120
151
55
150
173
35
93
115
35
93
115
35
93
115
173
243
255
118
172
187
63
99
117
63
99
117
148
207
231
49
79
93
0
16
24
0
16
24
216
216
216
216
216
216
8
20
24
27
70
87
47
120
151
66
170
214
74
207
231
55
150
173
55
150
173
74
207
231
118
172
187
118
172
187
118
172
187
173
243
255
148
207
231
49
79
93
0
16
24
0
16
24
216
216
216
216
216
216
8
20
33
27
67
88
47
115
143
66
162
198
90
192
195
90
192
195
165
221
217
239
251
239
222
255
247
222
255
247
222
255
247
222
255
247
66
219
231
49
157
171
16
32
49
16
32
49
216
216
216
216
216
216
8
20
33
27
67
88
47
115
143
66
162
198
90
192
195
90
192
195
239
251
239
239
251
239
151
215
195
222
255
247
222
255
247
151
215
195
49
157
171
33
94
109
16
32
49
16
32
49
216
216
216
216
216
216
8
20
33
27
67
88
27
67
88
47
115
143
16
162
173
90
192
195
239
251
239
239
251
239
151
215
195
222
255
247
222
255
247
79
174
142
49
157
171
16
32
49
16
32
49
16
32
49
216
216
216
216
216
216
8
20
33
27
67
88
27
67
88
47
115
143
16
162
173
90
192
195
239
251
239
90
192
195
79
174
142
79
174
142
151
215
195
8
134
90
66
219
231
33
94
109
16
32
49
16
32
49
216
216
216
216
216
216
16
20
33
30
78
99
30
78
99
43
137
165
93
190
153
93
190
153
93
190
153
16
158
107
206
247
247
206
247
247
118
144
148
74
93
99
49
135
173
33
83
107
16
32
41
16
32
41
216
216
216
216
216
216
16
20
33
30
78
99
30
78
99
43
137
165
16
158
107
247
255
247
247
255
247
16
158
107
162
196
198
206
247
247
74
93
99
118
144
148
66
186
239
33
83
107
16
32
41
16
32
41
216
216
216
216
216
216
16
20
33
16
20
33
43
137
165
57
195
231
93
190
153
247
255
247
93
190
153
93
190
153
118
144
148
206
247
247
118
144
148
162
196
198
66
186
239
33
83
107
16
32
41
16
32
41
216
216
216
216
216
216
16
20
33
16
20
33
43
137
165
57
195
231
170
223
201
170
223
201
16
158
107
93
190
153
162
196
198
74
93
99
74
93
99
206
247
247
49
135
173
33
83
107
16
32
41
16
32
41
216
216
216
216
216
216
8
12
16
8
12
16
33
71
84
82
190
222
116
157
151
116
157
151
65
94
96
165
219
206
44
98
107
16
20
33
44
98
107
99
255
255
57
138
181
24
54
71
8
12
16
8
12
16
216
216
216
216
216
216
8
12
16
8
12
16
33
71
84
57
131
154
65
94
96
116
157
151
116
157
151
65
94
96
16
20
33
44
98
107
44
98
107
16
20
33
41
96
126
24
54
71
8
12
16
8
12
16
216
216
216
216
216
216
8
12
16
8
12
16
8
12
16
8
12
16
65
94
96
65
94
96
16
32
41
16
32
41
44
98
107
44
98
107
16
20
33
16
20
33
8
12
16
24
54
71
8
12
16
8
12
16
216
216
216
216
216
216
8
12
16
8
12
16
8
12
16
8
12
16
16
32
41
16
32
41
16
32
41
16
32
41
16
20
33
16
20
33
16
20
33
16
20
33
8
12
16
8
12
16
8
12
16
8
12
16
216
216
216
0
0
0
216
216
216
216
216
216
216
216
216
216
216
216
216
216
216
216
216
216
216
216
216
216
216
216
216
216
216
216
216
216
216
216
216
216
216
216
216
216
216
216
216
216
216
216
216
216
216
216
0
0
0
