15
15
81
109
182
82
112
183
82
114
185
81
115
186
77
115
186
72
113
185
65
109
183
55
102
180
44
93
175
32
81
170
22
73
166
22
75
169
20
77
172
20
79
176
19
75
173
72
96
173
72
97
174
72
99
175
70
101
175
66
99
175
59
97
174
51
92
172
41
84
169
30
76
163
22
69
161
21
71
164
20
73
167
20
75
171
19
77
174
17
82
181
63
83
162
62
84
163
60
82
162
57
81
162
52
79
161
45
76
160
37
69
157
26
62
152
22
62
155
21
65
159
21
69
162
20
71
167
19
75
170
19
78
174
16
87
184
53
70
152
51
69
151
48
66
150
44
63
148
38
59
146
31
53
142
25
51
143
24
56
148
22
60
153
22
66
158
21
70
163
20
74
168
20
77
172
19
82
177
16
91
188
44
58
142
40
54
139
36
49
137
31
45
134
29
47
137
27
51
142
26
55
146
25
59
152
24
65
157
22
69
162
22
74
166
21
78
170
20
81
174
18
88
181
17
88
185
34
42
131
33
43
133
32
45
136
31
49
139
29
52
143
29
57
148
27
61
153
26
66
158
25
70
163
23
75
167
22
79
171
21
82
175
20
85
178
17
94
190
21
76
170
32
45
135
32
49
140
32
51
143
31
55
147
30
60
151
29
64
156
27
68
161
25
73
165
24
77
170
23
81
174
22
84
178
22
87
180
19
92
187
15
100
197
29
52
143
31
48
140
29
58
150
31
59
150
30
63
153
28
67
158
26
71
163
25
76
168
24
80
172
23
84
176
22
87
180
21
89
183
20
92
186
16
100
196
23
78
172
35
34
124
27
53
153
29
60
152
26
70
164
27
71
163
26
73
166
25
78
170
24
82
175
23
86
179
21
89
182
21
89
183
19
93
188
16
100
197
20
88
184
37
37
127
29
30
126
24
38
140
29
46
144
30
58
150
21
84
179
22
86
181
23
86
179
22
88
181
21
91
184
19
93
188
17
98
194
16
101
199
26
71
164
38
34
123
31
31
125
26
23
76
19
16
64
26
19
117
29
38
136
34
47
139
25
73
166
19
91
187
15
103
200
15
104
201
18
93
190
24
77
172
33
48
138
38
27
116
31
16
110
23
20
66
178
178
178
159
158
158
74
72
88
22
18
97
26
32
134
30
39
136
34
37
130
37
38
129
38
36
125
37
33
123
34
34
126
32
27
122
23
18
97
73
69
81
188
187
186
219
219
219
238
242
244
219
219
219
117
116
116
55
53
82
28
23
88
22
17
97
26
19
119
26
19
119
22
17
97
28
24
90
59
57
85
122
121
119
221
221
221
226
226
227
157
157
157
179
199
209
215
225
230
245
246
247
228
228
228
193
193
193
154
154
154
123
123
123
123
123
123
154
154
154
193
193
193
228
228
228
243
244
244
222
226
227
188
188
188
36
36
36
150
178
190
151
178
189
174
195
204
199
214
221
222
231
234
239
243
245
251
252
252
251
252
252
239
243
245
222
231
234
199
215
220
201
211
216
207
207
207
58
58
58
10
8
3
