20
26
233
248
254
233
248
254
233
248
254
233
248
254
233
248
254
233
248
254
233
248
254
233
248
254
197
214
222
160
179
189
130
150
163
109
130
144
109
130
144
130
150
163
160
179
189
197
214
222
233
248
254
233
248
254
233
248
254
233
248
254
233
248
254
233
248
254
233
248
254
233
248
254
233
248
254
233
248
254
232
247
253
231
247
252
232
247
252
231
247
252
231
246
253
232
247
253
214
230
237
155
174
185
143
159
169
186
196
202
221
226
229
246
247
248
246
247
248
221
226
229
186
196
202
143
159
169
155
174
185
155
174
185
214
229
237
232
246
253
232
247
253
232
247
253
232
247
253
232
247
253
232
247
253
231
247
252
230
245
251
230
245
251
230
245
252
231
245
251
230
245
252
155
173
184
122
141
153
184
193
200
119
127
122
42
61
47
8
27
14
1
8
3
1
1
1
19
18
23
43
43
44
124
131
126
185
193
200
122
141
153
154
173
184
231
245
251
231
245
251
230
245
252
231
245
252
231
245
251
230
245
252
230
245
252
229
244
250
229
244
250
228
243
250
228
244
250
153
173
184
136
153
164
181
183
181
44
64
50
13
15
9
16
14
10
14
13
9
16
16
11
16
16
11
15
15
10
22
21
15
21
21
16
54
53
56
180
179
180
135
152
163
153
173
184
228
243
250
228
244
250
228
244
250
229
243
250
228
244
250
228
244
249
227
243
249
227
242
248
227
241
248
210
226
233
122
141
153
181
183
181
27
49
33
20
18
12
0
0
0
0
0
0
0
0
0
0
0
0
0
0
0
0
0
0
0
0
0
0
0
0
30
30
21
41
39
46
182
182
183
122
141
153
210
225
233
227
242
248
227
241
248
227
242
248
227
242
249
227
242
249
226
241
247
225
240
246
224
240
246
152
171
182
181
190
196
43
64
50
20
18
12
0
0
0
0
0
0
6
20
34
21
67
116
38
120
208
38
120
208
21
67
116
6
20
34
0
0
0
0
0
0
35
35
24
63
64
67
185
193
200
152
171
182
225
240
246
225
240
246
225
240
247
225
240
247
225
241
247
157
167
171
222
238
245
190
206
215
143
159
169
119
129
121
13
15
9
0
0
0
0
0
0
12
37
65
46
146
255
47
147
255
46
146
255
47
147
255
47
147
255
47
147
255
12
37
65
0
0
0
0
0
0
24
23
17
125
125
126
143
159
169
190
206
215
222
238
244
223
238
244
224
240
245
228
244
250
56
59
61
220
236
242
155
174
184
186
196
202
44
71
52
19
18
14
0
0
0
6
20
34
47
147
255
46
146
255
57
151
255
73
160
255
77
163
255
62
154
255
48
147
255
47
147
255
6
20
34
0
0
0
47
45
32
51
49
55
186
196
202
155
174
184
221
236
242
221
237
243
223
240
245
233
248
254
10
11
11
219
234
241
127
147
160
221
226
229
11
29
16
13
12
9
0
0
0
21
67
116
47
147
255
65
156
255
91
170
255
109
179
255
107
178
255
88
168
255
68
156
255
48
147
255
21
67
116
0
0
0
30
29
20
14
13
17
221
226
229
127
147
160
218
234
241
221
238
243
227
242
248
234
249
255
1
1
1
216
231
238
108
129
143
246
247
248
1
7
2
15
14
11
0
0
0
38
120
208
48
147
255
80
165
255
105
176
255
118
184
255
118
184
255
114
182
255
78
164
255
55
150
255
38
120
208
0
0
0
32
31
22
4
4
5
246
247
248
108
129
143
217
233
239
220
236
242
231
247
253
234
249
255
1
1
1
214
229
236
108
129
143
246
247
248
1
8
4
16
16
13
0
0
0
38
120
208
48
147
255
79
165
255
103
177
255
118
184
255
119
185
255
112
181
255
78
162
255
57
151
255
38
120
208
0
0
0
36
35
25
4
4
6
246
247
248
108
129
143
218
234
241
221
237
244
232
248
254
233
248
254
10
11
11
211
227
234
125
146
158
221
226
229
12
32
18
32
23
15
0
0
0
21
67
116
47
147
255
65
156
255
87
168
255
107
178
255
110
180
255
90
169
255
74
162
255
53
148
255
21
67
116
0
0
0
24
23
16
19
18
22
221
226
229
126
147
159
216
232
239
226
241
247
231
246
252
231
246
252
52
55
57
210
225
232
149
169
179
186
196
202
48
69
53
41
30
20
0
0
0
6
20
34
46
146
255
47
147
255
70
157
255
84
167
255
84
167
255
78
164
255
57
151
255
47
147
255
6
20
34
0
0
0
30
29
20
52
51
55
186
196
202
152
171
181
215
232
238
228
243
249
227
243
249
229
244
251
143
155
159
207
223
229
178
196
204
143
159
169
122
132
125
16
11
7
0
0
0
0
0
0
12
37
65
47
147
255
47
147
255
48
147
255
48
147
255
47
147
255
47
147
255
12
37
65
0
0
0
0
0
0
18
18
14
128
127
129
143
159
169
182
200
208
218
234
240
224
240
246
225
240
246
226
241
248
205
222
229
205
221
228
205
221
228
144
163
174
179
188
195
36
35
34
21
15
10
0
0
0
0
0
0
6
20
34
21
66
116
38
120
208
38
120
208
21
67
116
6
20
34
0
0
0
0
0
0
26
25
18
51
51
55
182
191
198
146
166
177
210
227
233
219
235
241
221
237
243
221
236
242
222
238
244
203
220
227
203
219
226
204
219
226
190
206
214
120
139
151
163
163
163
22
20
20
34
25
15
0
0
0
0
0
0
0
0
0
0
0
0
0
0
0
0
0
0
0
0
0
0
0
0
19
19
13
28
27
31
182
182
182
122
141
153
193
210
218
211
227
233
217
233
239
217
233
239
217
233
239
216
233
239
202
218
225
201
218
224
201
218
224
201
217
225
143
162
173
134
151
161
172
171
170
55
53
49
25
20
13
27
22
15
8
6
4
13
11
7
11
9
7
17
16
11
29
22
14
9
7
6
26
26
27
172
172
172
136
153
164
144
164
174
206
223
230
212
228
234
214
229
236
214
229
235
214
229
236
214
230
236
200
217
224
199
216
223
200
215
222
200
216
222
199
216
222
142
161
172
122
141
153
185
193
200
121
121
123
44
44
49
7
7
9
1
1
2
3
3
4
12
12
13
42
41
42
101
101
102
171
179
185
122
141
153
142
161
172
204
221
228
205
222
229
210
226
232
210
226
232
210
225
232
210
226
232
210
227
233
198
214
221
198
214
221
199
214
221
198
214
222
198
214
221
198
214
221
185
202
209
141
161
172
143
159
169
186
196
202
221
226
229
246
247
248
246
247
248
221
226
229
186
196
202
143
159
169
141
160
172
185
202
209
200
216
222
202
219
225
205
221
228
207
222
229
207
222
229
206
222
229
206
222
229
209
226
232
198
213
220
197
213
220
197
213
220
197
213
220
198
213
220
197
213
220
197
213
220
197
213
220
171
188
197
144
163
174
122
143
155
107
128
142
107
128
142
122
143
155
144
163
174
171
188
197
197
213
220
197
213
220
198
215
222
199
217
223
203
219
226
203
219
226
203
219
226
203
219
225
203
218
226
209
225
232
