20
26
89
36
36
89
36
36
89
36
36
89
36
36
89
36
36
89
36
36
89
36
36
89
36
36
87
36
35
84
35
34
84
35
34
83
35
33
83
35
33
82
35
33
82
35
32
85
35
34
89
36
36
89
36
36
89
36
36
89
36
36
89
36
36
89
36
36
89
36
36
89
36
36
89
36
36
89
36
36
89
36
36
89
36
36
89
36
36
89
36
36
89
36
36
89
36
36
85
35
34
86
36
32
100
42
34
118
53
33
134
60
34
142
65
35
141
64
36
126
57
35
107
48
35
89
39
34
78
34
30
78
34
30
80
34
32
89
36
36
89
36
36
89
36
36
89
36
36
89
36
36
89
36
36
89
36
36
90
35
35
90
35
35
90
35
35
90
35
35
90
35
35
84
34
32
94
39
31
125
53
34
113
49
28
59
27
14
24
12
6
2
1
0
2
1
0
26
13
7
59
28
16
106
48
31
108
49
38
79
35
30
73
32
27
90
35
35
90
35
35
90
35
35
90
35
35
90
35
35
90
35
35
90
35
35
90
34
34
90
34
34
90
34
34
90
34
34
83
33
30
99
41
30
126
53
31
76
34
18
10
7
3
7
7
4
4
4
3
5
5
3
5
5
3
4
3
2
7
7
4
9
7
4
68
31
20
105
48
34
79
36
27
67
31
24
90
34
34
90
34
34
90
34
34
90
34
34
90
34
34
90
34
34
93
35
33
90
34
34
90
34
34
83
33
31
92
38
29
122
53
30
39
18
10
7
6
4
0
0
0
0
0
0
0
0
0
0
0
0
0
0
0
0
0
0
0
0
0
0
0
0
8
8
4
34
18
12
103
45
34
70
33
23
70
31
25
90
34
34
90
34
34
90
34
34
90
34
34
90
34
34
96
35
32
92
33
33
91
33
33
80
33
27
121
50
30
59
26
14
8
7
4
0
0
0
0
0
0
6
20
34
21
67
116
38
120
208
38
120
208
21
67
116
6
20
34
0
0
0
0
0
0
8
9
6
49
23
18
99
43
34
57
28
18
91
33
33
91
33
33
91
33
33
91
33
33
91
33
33
70
30
30
94
33
32
83
31
28
92
37
26
106
43
25
6
5
3
0
0
0
0
0
0
12
37
65
46
146
255
47
147
255
46
146
255
47
147
255
47
147
255
47
147
255
12
37
65
0
0
0
0
0
0
10
9
5
85
34
30
66
31
22
69
30
23
92
32
32
92
32
32
92
32
32
92
32
32
28
13
13
94
32
32
73
30
24
110
43
28
56
23
14
9
9
5
0
0
0
6
20
34
47
147
255
46
146
255
57
151
255
73
160
255
77
163
255
62
154
255
48
147
255
47
147
255
6
20
34
0
0
0
18
19
11
45
19
16
83
35
27
44
26
13
93
32
32
93
32
32
93
32
32
93
32
32
5
3
3
99
33
33
68
29
22
126
47
30
21
10
6
7
6
3
0
0
0
21
67
116
47
147
255
65
156
255
91
170
255
109
179
255
107
178
255
88
168
255
68
156
255
48
147
255
21
67
116
0
0
0
10
10
6
16
9
6
101
37
32
39
25
11
93
31
31
93
31
31
93
31
31
93
31
31
0
0
0
102
33
33
64
27
19
134
51
31
2
1
1
8
7
4
0
0
0
38
120
208
48
147
255
80
165
255
105
176
255
118
184
255
118
184
255
114
182
255
78
164
255
55
150
255
38
120
208
0
0
0
10
9
6
6
4
2
117
43
34
33
25
8
93
30
30
93
30
30
93
30
30
93
30
30
0
0
0
74
88
51
46
52
26
104
98
46
4
3
1
9
8
5
0
0
0
38
120
208
48
147
255
79
165
255
103
177
255
118
184
255
119
185
255
112
181
255
78
162
255
57
151
255
38
120
208
0
0
0
13
12
7
5
5
1
82
123
55
27
29
8
61
88
49
61
88
49
61
88
49
61
88
49
4
5
3
75
90
54
43
49
24
91
93
43
19
18
7
11
11
6
0
0
0
21
67
116
47
147
255
65
156
255
87
168
255
107
178
255
110
180
255
90
169
255
74
162
255
53
148
255
21
67
116
0
0
0
10
10
5
16
19
7
79
115
48
24
25
6
61
89
50
61
89
50
61
89
50
61
89
50
22
24
17
76
90
53
41
46
22
70
75
38
48
45
20
11
10
6
0
0
0
6
20
34
46
146
255
47
147
255
70
157
255
84
167
255
84
167
255
78
164
255
57
151
255
47
147
255
6
20
34
0
0
0
8
8
5
43
60
22
63
83
33
24
24
5
62
89
50
62
89
50
62
89
50
62
89
50
60
68
45
74
88
52
52
61
32
49
56
26
77
80
40
5
3
2
0
0
0
0
0
0
12
37
65
47
147
255
47
147
255
48
147
255
48
147
255
47
147
255
47
147
255
12
37
65
0
0
0
0
0
0
9
8
4
82
117
43
40
48
17
42
55
26
62
90
51
62
90
51
62
90
51
62
90
51
81
93
57
70
82
49
68
81
48
36
40
17
74
82
41
32
32
15
5
5
2
0
0
0
0
0
0
6
20
34
21
66
116
38
120
208
38
120
208
21
67
116
6
20
34
0
0
0
0
0
0
6
6
4
47
64
20
84
116
42
24
24
5
63
90
52
63
90
52
63
90
52
63
90
52
63
90
52
76
87
52
68
81
48
68
81
48
44
51
25
40
43
19
75
80
40
20
20
9
8
8
5
0
0
0
0
0
0
0
0
0
0
0
0
0
0
0
0
0
0
0
0
0
0
0
0
8
9
4
29
40
10
101
145
48
34
38
11
36
44
19
63
91
52
63
91
52
63
91
52
63
91
52
63
91
52
69
80
48
68
80
48
68
81
49
68
82
49
31
34
12
45
47
20
85
86
42
47
48
24
11
11
6
10
10
6
3
3
2
4
4
2
4
4
2
5
5
3
9
10
6
6
6
3
34
47
15
104
143
43
44
50
15
24
24
5
63
90
53
63
91
53
63
91
53
63
91
53
63
91
53
63
91
53
70
81
48
69
81
48
69
82
49
69
82
49
68
83
49
29
30
10
38
39
13
92
89
39
88
90
38
40
41
17
12
12
5
1
1
0
2
2
0
20
23
8
49
58
18
86
107
34
96
118
37
36
38
11
24
24
5
65
91
53
64
91
53
64
92
53
64
92
53
64
92
53
64
92
53
64
92
53
70
81
49
69
81
49
69
82
50
69
82
50
68
83
50
68
84
50
39
43
20
26
26
7
47
46
17
80
77
30
101
101
40
125
130
50
128
137
50
107
113
40
84
91
31
48
51
17
24
24
5
36
43
19
65
90
53
65
91
54
64
91
54
64
92
54
64
92
54
64
92
54
64
92
54
65
92
54
71
81
49
70
82
49
70
83
49
70
83
50
69
84
50
69
84
50
69
85
50
68
86
51
44
52
26
24
24
5
24
24
5
24
24
5
24
24
5
24
24
5
24
24
5
43
54
26
66
91
53
66
91
53
66
91
53
66
92
54
65
92
54
65
93
54
65
93
54
65
93
54
65
93
54
67
93
54
