14
14
81
109
182
82
112
183
82
114
185
81
115
186
77
115
186
72
113
185
65
109
183
55
102
180
44
93
175
32
81
170
22
73
166
22
75
169
20
77
172
20
79
176
72
96
173
72
97
174
72
99
175
70
101
175
66
99
175
59
97
174
51
92
172
41
84
169
30
76
163
22
69
161
21
71
164
20
73
167
20
75
171
19
77
174
63
83
162
62
84
163
60
82
162
57
81
162
52
79
161
45
76
160
37
69
157
26
62
152
22
62
155
21
65
159
21
69
162
20
71
167
19
75
170
19
78
174
53
70
152
51
69
151
48
66
150
44
63
148
38
59
146
31
53
142
25
51
143
24
56
148
22
60
153
22
66
158
21
70
163
20
74
168
20
77
172
19
82
177
44
58
142
40
54
139
36
49
137
31
45
134
29
47
137
27
51
142
26
55
146
25
59
152
24
65
157
22
69
162
22
74
166
21
78
170
20
81
174
18
88
181
34
42
131
33
43
133
32
45
136
31
49
139
29
52
143
29
57
148
27
61
153
26
66
158
25
70
163
23
75
167
22
79
171
21
82
175
20
85
178
17
94
190
32
45
135
32
49
140
32
51
143
31
55
147
30
60
151
29
64
156
27
68
161
25
73
165
24
77
170
23
81
174
22
84
178
22
87
180
19
92
187
15
100
197
31
48
140
29
58
150
31
59
150
30
63
153
28
67
158
26
71
163
25
76
168
24
80
172
23
84
176
22
87
180
21
89
183
20
92
186
16
100
196
23
78
172
26
49
142
29
60
152
26
70
164
27
71
163
26
73
166
25
78
170
24
82
175
23
86
179
21
89
182
21
89
183
19
93
188
16
100
197
20
88
184
35
35
118
0
0
0
23
37
113
30
58
150
21
84
179
22
86
181
23
86
179
22
88
181
21
91
184
19
93
188
17
98
194
16
101
199
26
71
164
30
27
97
0
0
0
71
30
21
3
1
1
3
4
17
34
47
139
25
73
166
19
91
187
15
103
200
15
104
201
18
93
190
24
77
172
33
48
138
7
4
18
3
1
1
82
43
32
113
44
34
115
49
32
30
13
9
0
0
0
10
13
47
21
23
80
36
37
126
37
35
122
23
20
76
12
12
46
0
0
0
32
16
11
128
65
49
140
69
56
46
56
30
63
81
43
85
113
52
68
87
39
36
45
19
22
27
11
0
0
0
0
0
0
22
27
11
36
44
21
75
92
46
105
126
67
77
94
54
64
89
49
44
54
30
44
54
30
48
58
32
62
78
40
81
100
46
89
109
49
99
125
55
99
125
55
91
111
53
86
104
53
69
83
46
52
61
34
59
82
44
84
98
52
