20
26
105
50
0
105
50
0
105
50
0
105
50
0
105
50
0
105
50
0
105
50
0
105
50
0
103
49
2
101
48
4
101
48
4
100
47
5
100
47
5
99
47
6
99
46
6
101
48
4
105
50
0
105
50
0
105
50
0
105
50
0
105
50
0
105
50
0
105
50
0
105
50
0
105
50
0
105
50
0
101
48
0
101
48
0
101
48
0
101
48
0
101
48
0
101
48
0
98
46
3
98
46
5
122
57
5
151
70
3
173
82
1
190
89
0
188
88
0
166
78
3
140
64
5
110
51
8
92
43
10
92
43
10
94
44
7
101
48
0
101
48
0
101
48
0
101
48
0
101
48
0
101
48
0
101
48
0
96
46
0
96
46
0
96
46
0
96
46
0
96
46
0
91
43
5
104
49
5
154
73
3
150
75
5
91
48
11
44
29
12
17
16
13
18
16
14
48
30
14
90
48
12
139
70
6
135
64
4
92
44
13
84
39
15
96
46
0
96
46
0
96
46
0
96
46
0
96
46
0
96
46
0
96
46
0
93
44
0
93
44
0
93
44
0
93
44
0
88
41
7
110
52
7
156
72
1
107
55
10
15
14
14
7
7
9
4
4
6
4
4
7
4
4
8
6
6
9
10
11
15
19
19
21
96
49
11
132
62
1
94
43
15
78
35
20
93
44
0
93
44
0
93
44
0
93
44
0
93
44
0
93
44
0
92
43
0
89
42
0
89
42
0
85
40
6
98
46
8
148
70
3
64
38
14
10
10
13
0
0
0
0
0
0
0
0
0
0
0
0
0
0
0
0
0
0
0
0
0
0
0
0
15
18
24
58
35
18
125
59
5
81
36
21
77
35
17
89
42
0
89
42
0
89
42
0
89
42
0
89
42
0
92
43
0
88
41
0
87
41
0
82
37
11
140
66
4
84
47
13
11
11
15
0
0
0
0
0
0
6
20
34
21
67
116
38
120
208
38
120
208
21
67
116
6
20
34
0
0
0
0
0
0
18
19
26
74
43
15
115
54
9
68
30
29
87
41
0
87
41
0
87
41
0
87
41
0
87
41
0
71
42
17
87
41
2
81
37
9
99
44
13
132
64
8
14
14
15
0
0
0
0
0
0
12
37
65
46
146
255
47
147
255
46
146
255
47
147
255
47
147
255
47
147
255
12
37
65
0
0
0
0
0
0
22
23
26
108
54
9
78
34
29
73
33
20
85
40
2
85
40
2
85
40
2
85
40
2
32
23
15
83
40
4
73
33
19
122
55
14
81
45
15
13
13
17
0
0
0
6
20
34
47
147
255
46
146
255
57
151
255
73
160
255
77
163
255
62
154
255
48
147
255
47
147
255
6
20
34
0
0
0
24
27
34
71
42
16
97
44
23
59
25
41
83
39
4
83
39
4
83
39
4
83
39
4
7
5
4
86
44
9
70
31
24
142
64
12
39
28
16
7
8
10
0
0
0
21
67
116
47
147
255
65
156
255
91
170
255
109
179
255
107
178
255
88
168
255
68
156
255
48
147
255
21
67
116
0
0
0
14
16
21
41
28
16
128
61
19
56
23
46
82
38
7
82
38
7
82
38
7
82
38
7
1
0
0
88
46
12
67
29
29
151
68
11
21
21
16
5
5
9
0
0
0
38
120
208
48
147
255
80
165
255
105
176
255
118
184
255
118
184
255
114
182
255
78
164
255
55
150
255
38
120
208
0
0
0
9
12
20
32
25
13
153
76
19
53
21
50
81
37
9
81
37
9
81
37
9
81
37
9
0
0
0
87
47
16
64
28
33
141
63
19
22
20
18
6
5
9
0
0
0
38
120
208
48
147
255
79
165
255
103
177
255
118
184
255
119
185
255
112
181
255
78
162
255
57
151
255
38
120
208
0
0
0
11
14
22
38
27
14
164
84
24
51
20
53
79
36
12
79
36
12
79
36
12
79
36
12
7
5
4
87
48
20
62
26
38
124
55
25
40
29
21
11
10
14
0
0
0
21
67
116
47
147
255
65
156
255
87
168
255
107
178
255
110
180
255
90
169
255
74
162
255
53
148
255
21
67
116
0
0
0
14
16
18
59
37
19
162
79
34
49
19
56
78
35
15
78
35
15
78
35
15
78
35
15
32
24
18
86
47
23
60
25
41
93
40
35
75
43
25
17
16
22
0
0
0
6
20
34
46
146
255
47
147
255
70
157
255
84
167
255
84
167
255
78
164
255
57
151
255
47
147
255
6
20
34
0
0
0
26
28
28
119
63
24
128
55
46
49
19
56
77
34
18
77
34
18
77
34
18
77
34
18
72
47
32
82
42
25
66
28
34
70
29
43
102
48
29
13
12
14
0
0
0
0
0
0
12
37
65
47
147
255
47
147
255
48
147
255
48
147
255
47
147
255
47
147
255
12
37
65
0
0
0
0
0
0
35
33
22
188
94
34
80
32
53
62
25
40
77
33
22
77
33
22
77
33
22
77
33
22
88
50
32
77
35
27
75
32
26
56
23
48
92
39
40
44
25
20
9
9
12
0
0
0
0
0
0
6
20
34
21
66
116
38
120
208
38
120
208
21
67
116
6
20
34
0
0
0
0
0
0
28
28
25
135
71
27
187
83
49
51
19
56
77
33
26
77
33
26
77
33
26
78
33
26
77
33
26
81
40
32
75
31
29
75
31
29
61
25
44
61
24
50
89
40
39
31
20
18
12
11
14
0
0
0
0
0
0
0
0
0
0
0
0
0
0
0
0
0
0
0
0
0
0
0
0
20
19
15
96
55
20
215
115
48
71
26
56
62
24
48
81
32
29
82
33
29
82
33
29
82
33
29
82
33
29
74
31
33
74
30
33
74
30
33
74
30
33
53
21
52
63
26
53
94
43
44
67
38
33
20
18
18
14
14
17
4
4
5
4
4
7
5
5
8
9
9
10
23
21
20
24
19
11
99
50
20
211
111
50
91
32
56
59
20
56
85
32
33
88
33
33
90
33
33
91
33
33
91
34
33
91
33
33
73
29
37
73
29
37
73
29
37
73
29
37
73
29
37
52
20
54
58
23
55
95
41
58
103
53
50
60
36
31
25
17
13
15
13
8
21
18
11
57
36
20
109
60
32
163
89
44
187
80
56
77
27
57
65
21
56
92
33
37
96
34
37
100
34
37
104
35
37
105
35
37
106
35
37
105
35
37
73
28
41
73
28
41
73
28
41
73
28
41
73
28
41
73
28
41
57
22
51
50
19
55
63
25
58
91
39
62
120
59
65
151
82
67
165
92
69
155
76
68
134
58
63
89
33
59
64
21
56
77
25
52
100
33
41
107
34
41
113
35
41
118
36
41
122
37
41
124
38
41
125
38
41
125
39
41
72
27
45
72
27
45
72
27
45
72
27
45
72
27
45
72
27
45
72
27
45
72
27
45
59
23
51
49
19
56
49
19
56
50
19
56
51
19
56
55
20
56
59
20
56
76
26
51
96
31
45
105
33
45
115
35
45
123
36
45
130
37
45
135
38
45
139
39
45
141
39
45
142
39
45
142
42
45
