16
16
110
110
110
225
225
225
225
225
225
225
225
225
225
225
225
225
225
225
225
225
225
225
225
225
225
225
225
225
225
225
225
225
225
225
225
225
225
225
225
225
225
225
225
225
225
110
110
110
225
225
225
26
19
119
26
19
119
26
19
119
26
19
119
26
19
119
26
19
119
26
19
119
26
19
119
26
19
119
26
19
119
26
19
119
26
19
119
26
19
119
26
19
119
225
225
225
225
225
225
26
19
119
15
74
174
12
91
190
10
102
201
9
108
208
8
111
211
8
112
211
8
112
211
8
111
211
9
108
208
10
102
201
12
91
190
15
74
174
26
19
119
225
225
225
225
225
225
26
19
119
19
54
154
13
100
203
11
110
213
9
116
218
9
119
221
9
120
222
9
120
222
9
119
221
9
116
218
11
110
213
13
100
203
19
54
154
26
19
119
225
225
225
225
225
225
26
19
119
23
35
135
16
87
191
255
216
0
255
216
0
255
216
0
255
216
0
255
216
0
255
216
0
255
216
0
255
216
0
16
87
191
23
35
135
26
19
119
225
225
225
225
225
225
26
19
119
26
21
121
20
72
178
255
216
0
255
234
0
255
234
0
255
234
0
255
234
0
255
234
0
255
234
0
255
216
0
20
72
178
26
21
121
26
19
119
225
225
225
225
225
225
26
19
119
23
37
137
21
68
174
255
216
0
255
223
0
255
234
0
255
234
0
255
234
0
255
234
0
255
223
0
255
216
0
21
68
174
23
37
137
26
19
119
225
225
225
225
225
225
26
19
119
21
45
145
19
75
180
20
61
155
255
216
0
255
223
0
255
234
0
255
234
0
255
223
0
255
216
0
20
61
155
19
75
180
21
45
145
26
19
119
225
225
225
225
225
225
26
19
119
21
45
145
19
75
180
20
67
169
20
53
138
255
216
0
255
223
0
255
223
0
255
216
0
20
53
138
20
67
169
19
75
180
21
45
145
26
19
119
225
225
225
225
225
225
26
19
119
20
53
153
17
83
188
18
80
185
19
74
175
19
59
144
255
216
0
255
216
0
19
59
144
19
74
175
18
80
185
17
83
188
20
53
153
26
19
119
225
225
225
225
225
225
26
19
119
17
68
168
14
98
201
14
99
202
13
99
203
13
96
195
14
79
163
14
79
163
13
96
195
13
99
203
14
99
202
14
98
201
17
68
168
26
19
119
225
225
225
225
225
225
26
19
119
14
82
182
10
113
215
255
216
0
255
216
0
255
216
0
255
216
0
255
216
0
255
216
0
255
216
0
255
216
0
10
113
215
14
82
182
26
19
119
225
225
225
225
225
225
26
19
119
11
99
198
7
127
228
7
121
214
9
98
175
11
86
156
11
86
156
11
86
156
11
86
156
9
98
175
7
121
214
7
127
228
11
99
198
26
19
119
225
225
225
225
225
225
26
19
119
8
115
214
7
122
221
8
117
212
9
106
194
9
101
185
9
101
185
9
101
185
9
101
185
9
106
194
8
117
212
7
122
221
8
115
214
26
19
119
225
225
225
225
225
225
26
19
119
26
19
119
26
19
119
26
19
119
26
19
119
26
19
119
26
19
119
26
19
119
26
19
119
26
19
119
26
19
119
26
19
119
26
19
119
26
19
119
225
225
225
110
110
110
225
225
225
225
225
225
225
225
225
225
225
225
225
225
225
225
225
225
225
225
225
225
225
225
225
225
225
225
225
225
225
225
225
225
225
225
225
225
225
225
225
225
110
110
110
