20
30
152
115
52
168
115
35
182
123
30
224
185
71
209
170
69
171
132
57
94
70
32
76
7
4
84
2
2
106
1
1
106
1
1
84
2
2
76
7
4
94
70
32
171
132
57
209
170
69
224
185
71
182
123
30
168
115
35
152
115
52
79
76
67
15
15
15
81
119
65
60
88
48
53
78
42
47
68
37
47
68
37
84
123
67
60
88
48
0
0
0
174
119
34
194
138
39
222
184
72
196
157
63
139
35
14
84
3
2
140
1
1
171
1
1
201
1
1
224
0
0
224
0
0
201
1
1
171
1
1
140
1
1
84
3
2
139
35
14
196
157
63
222
184
72
194
138
39
174
119
34
151
117
58
61
60
57
69
95
58
61
88
49
54
78
43
48
68
38
48
68
38
85
123
69
61
88
49
0
0
0
189
129
30
222
184
68
195
130
51
63
13
6
103
1
1
170
1
1
225
5
5
231
11
11
233
13
13
233
13
13
233
13
13
233
13
13
231
11
11
225
5
5
170
1
1
103
1
1
63
13
6
195
130
51
222
184
68
189
129
30
175
122
35
133
106
62
14
18
12
61
87
49
54
78
43
48
68
38
48
68
38
85
123
69
61
88
49
0
0
0
223
183
66
198
161
59
66
12
6
148
1
1
208
1
1
225
10
10
227
12
12
228
13
13
229
14
14
230
15
15
230
15
15
229
14
14
228
13
13
227
12
12
225
10
10
208
1
1
148
1
1
66
12
6
198
161
59
223
183
66
179
114
18
176
133
46
88
80
66
48
63
42
54
78
43
48
68
38
48
68
38
85
123
69
61
88
49
0
0
0
217
179
63
98
76
31
143
1
1
209
0
0
217
8
8
255
224
0
255
224
0
255
224
0
255
224
0
255
224
0
255
224
0
255
224
0
255
224
0
255
224
0
255
224
0
217
8
8
209
0
0
143
1
1
98
76
31
217
179
63
211
160
46
187
131
31
151
121
60
10
12
9
54
79
43
48
69
38
48
69
38
85
124
69
61
89
49
0
0
0
185
148
50
93
3
2
183
1
1
208
5
5
210
7
7
255
224
0
213
10
10
215
12
12
216
13
13
217
14
14
217
14
14
216
13
13
215
12
12
213
10
10
255
224
0
210
7
7
208
5
5
183
1
1
93
3
2
185
148
50
232
193
64
186
119
17
184
143
45
67
62
50
51
68
44
48
69
39
48
69
39
85
124
70
61
89
50
0
0
0
98
80
30
144
1
1
200
3
3
201
4
4
202
5
5
255
224
0
206
9
9
208
11
11
209
12
12
209
12
12
209
12
12
209
12
12
208
11
11
206
9
9
255
224
0
202
5
5
201
4
4
200
3
3
144
1
1
98
80
30
226
188
60
211
155
36
189
138
34
113
97
68
38
48
34
48
69
39
48
69
39
85
124
70
61
89
50
0
0
0
76
8
4
171
1
1
192
1
1
192
1
1
193
2
2
255
224
0
255
224
0
199
8
8
200
9
9
202
11
11
202
11
11
200
9
9
199
8
8
255
224
0
255
224
0
193
2
2
192
1
1
192
1
1
171
1
1
76
8
4
215
176
55
230
183
49
186
125
22
149
123
65
23
29
21
48
69
39
48
69
39
86
124
70
62
89
50
0
0
0
88
2
2
186
0
0
179
1
1
179
1
1
183
1
1
186
0
0
255
224
0
255
224
0
191
5
5
191
5
5
191
5
5
191
5
5
255
224
0
255
224
0
186
0
0
183
1
1
179
1
1
179
1
1
186
0
0
88
2
2
205
167
51
244
203
60
184
118
15
174
141
53
11
7
7
71
25
25
71
25
25
128
45
45
92
32
32
0
0
0
101
1
1
184
3
3
174
1
1
174
1
1
174
1
1
174
1
1
174
1
1
255
224
0
255
224
0
178
1
1
178
1
1
255
224
0
255
224
0
174
1
1
174
1
1
174
1
1
174
1
1
174
1
1
184
3
3
101
1
1
197
158
47
252
213
66
179
109
11
185
149
47
3
2
2
71
25
25
71
25
25
128
45
45
92
32
32
0
0
0
100
1
1
180
4
4
166
1
1
166
1
1
166
1
1
166
1
1
166
1
1
255
224
0
255
224
0
166
1
1
166
1
1
255
224
0
255
224
0
166
1
1
166
1
1
166
1
1
166
1
1
166
1
1
180
4
4
100
1
1
198
160
48
253
215
69
176
107
11
186
149
47
3
2
2
71
25
25
71
25
25
128
45
45
92
32
32
0
0
0
88
2
2
176
3
3
160
1
1
160
1
1
160
1
1
160
1
1
255
224
0
255
224
0
160
1
1
255
224
0
255
224
0
160
1
1
255
224
0
255
224
0
160
1
1
160
1
1
160
1
1
160
1
1
176
3
3
88
2
2
207
169
53
245
205
65
175
111
14
176
142
53
12
7
7
72
25
25
72
25
25
130
45
45
93
32
32
0
0
0
79
8
4
169
1
1
162
1
1
159
1
1
155
1
1
255
224
0
255
224
0
159
1
1
255
224
0
255
224
0
255
224
0
255
224
0
159
1
1
255
224
0
255
224
0
155
1
1
159
1
1
162
1
1
169
1
1
79
8
4
219
182
61
229
186
59
176
118
22
150
125
65
29
17
17
72
24
24
72
24
24
130
43
43
93
31
31
0
0
0
100
82
30
142
1
1
174
2
2
155
1
1
155
1
1
255
224
0
155
1
1
255
224
0
255
224
0
255
224
0
255
224
0
255
224
0
255
224
0
155
1
1
255
224
0
155
1
1
155
1
1
174
2
2
142
1
1
100
82
30
232
196
71
201
150
42
181
132
33
114
99
69
49
26
26
72
24
24
72
24
24
130
43
43
93
31
31
0
0
0
191
155
56
84
6
2
169
7
1
150
6
1
147
6
1
255
224
0
147
6
1
147
6
1
147
6
1
147
6
1
147
6
1
147
6
1
147
6
1
147
6
1
255
224
0
147
6
1
150
6
1
169
7
1
84
6
2
191
155
56
241
206
80
163
103
19
185
144
45
68
62
50
71
31
31
72
23
23
72
23
23
130
42
42
93
30
30
0
0
0
225
191
77
99
78
30
127
10
1
168
13
1
139
11
1
255
224
0
255
224
0
255
224
0
255
224
0
255
224
0
255
224
0
255
224
0
255
224
0
255
224
0
255
224
0
139
11
1
168
13
1
127
10
1
99
78
30
225
191
77
203
158
56
170
119
30
154
124
59
12
7
7
82
27
27
72
23
23
72
23
23
130
42
42
93
30
30
0
0
0
232
198
86
205
168
69
56
17
6
123
14
1
151
17
1
132
15
1
126
15
1
126
15
1
126
15
1
126
15
1
126
15
1
126
15
1
126
15
1
126
15
1
132
15
1
151
17
1
123
14
1
56
17
6
205
168
69
232
198
86
145
90
18
175
133
45
88
81
66
64
30
30
83
26
26
72
22
22
72
22
22
130
41
41
93
29
29
0
0
0
162
112
36
233
200
93
192
156
65
54
18
6
83
13
1
128
19
1
138
21
1
125
19
1
120
18
1
120
18
1
120
18
1
120
18
1
125
19
1
138
21
1
128
19
1
83
13
1
54
18
6
192
156
65
233
200
93
162
112
36
157
109
33
136
109
61
19
10
10
93
30
30
84
26
26
73
22
22
73
22
22
131
41
41
94
29
29
0
0
0
151
103
32
172
127
50
233
200
97
201
165
73
126
95
38
63
13
2
105
19
1
129
23
1
134
24
1
144
26
1
144
26
1
134
24
1
129
23
1
105
19
1
63
13
2
126
95
38
201
165
73
233
200
97
172
127
50
151
103
32
156
122
57
62
61
57
72
98
62
64
92
53
57
82
47
49
71
41
49
71
41
89
128
74
64
92
53
0
0
0
156
118
52
144
98
33
153
107
40
233
201
101
217
183
88
176
138
62
92
70
30
61
17
4
62
14
2
77
16
1
77
16
1
62
14
2
61
17
4
92
70
30
176
138
62
217
183
88
233
201
101
153
107
40
144
98
33
156
118
52
80
76
67
15
15
15
86
124
72
64
92
53
57
82
47
49
71
41
49
71
41
89
128
74
64
92
53
0
0
0
