21
30
150
166
174
148
167
179
155
182
197
179
214
226
141
169
182
12
22
31
19
32
45
20
19
78
21
16
93
26
19
118
26
19
118
21
16
94
20
19
79
19
32
46
12
22
32
145
173
187
186
222
235
164
192
208
160
181
194
166
184
193
68
76
79
22
22
22
225
241
246
225
241
247
225
241
246
191
220
232
192
220
232
244
245
245
148
148
148
0
0
0
143
162
176
154
182
201
175
209
224
89
110
127
31
36
50
21
16
92
25
32
133
23
46
149
23
59
161
22
70
171
22
70
172
23
59
162
23
47
151
25
33
135
21
16
94
32
37
51
92
114
132
185
221
237
166
197
217
158
180
195
154
171
179
53
58
61
160
170
174
224
240
246
224
240
246
190
219
229
190
218
231
244
244
245
148
148
148
0
0
0
142
171
191
168
201
220
70
88
105
15
15
54
24
18
112
24
45
145
22
75
172
21
85
178
21
88
180
21
90
181
21
90
182
21
89
181
21
86
180
22
76
175
24
46
148
25
19
115
16
16
56
74
93
111
182
217
238
157
189
212
154
178
195
121
134
141
57
61
62
223
239
244
223
239
245
188
217
229
189
217
229
244
244
245
148
148
148
0
0
0
169
199
221
79
103
125
17
16
62
23
36
135
22
60
160
22
79
173
22
84
174
21
85
177
21
87
178
21
89
179
21
89
180
21
88
179
21
86
179
22
85
177
22
81
176
23
62
164
24
37
140
18
17
65
85
111
135
187
221
245
142
174
203
160
181
194
72
80
84
155
166
170
222
238
244
186
215
227
186
216
227
245
244
244
148
148
148
0
0
0
121
148
173
15
29
48
24
32
129
21
62
161
22
75
167
250
220
0
251
221
0
252
221
0
253
222
0
254
223
0
255
224
0
255
224
0
255
224
0
255
224
0
255
224
0
23
77
171
22
64
167
25
34
136
16
31
52
134
164
192
168
201
230
144
172
195
145
160
168
56
60
61
221
237
243
185
214
224
185
213
225
244
244
244
148
148
148
0
0
0
14
35
61
21
17
97
22
50
149
22
67
160
22
71
163
250
220
0
22
77
168
22
80
170
21
82
172
21
84
173
21
84
174
21
83
173
22
81
172
22
78
171
255
224
0
23
73
167
23
70
166
23
53
157
23
18
105
16
39
68
192
221
250
132
167
201
161
181
193
49
54
57
173
185
190
183
211
223
182
211
222
244
244
244
148
148
148
0
0
0
13
30
52
23
32
127
22
60
154
22
63
154
22
65
158
250
220
0
22
72
162
22
75
165
22
77
168
21
79
168
21
79
169
22
78
169
22
76
167
22
73
165
255
224
0
23
67
162
23
65
160
23
63
163
25
35
137
14
33
58
158
186
216
157
189
222
142
170
193
96
106
111
98
104
106
180
210
221
181
210
220
244
244
244
148
148
148
0
0
0
18
16
71
21
43
140
23
54
145
23
56
147
22
58
151
250
220
0
251
221
0
22
68
158
22
70
161
22
73
162
22
73
163
22
71
162
22
69
160
255
224
0
255
224
0
23
60
155
24
58
153
24
57
153
23
47
151
20
18
79
92
121
153
185
211
238
123
157
189
129
143
150
41
43
44
180
207
219
179
207
218
243
244
244
148
148
148
0
0
0
20
15
90
21
50
145
24
48
137
24
50
141
23
52
143
24
54
145
251
221
0
252
221
0
23
63
152
22
64
154
22
64
155
23
63
153
255
224
0
255
224
0
24
55
148
24
53
147
25
52
146
25
51
145
23
54
157
22
17
100
48
78
112
209
228
247
108
146
184
152
169
177
5
5
5
176
206
217
176
206
217
244
244
244
148
148
148
0
0
0
22
16
101
21
52
146
26
45
133
26
46
135
25
47
136
25
48
137
25
48
139
252
221
0
253
222
0
23
52
142
23
52
143
255
224
0
255
224
0
25
49
141
26
49
140
26
48
140
27
48
140
27
48
140
23
56
158
24
18
112
20
51
88
227
239
253
95
135
178
162
180
188
1
1
1
175
203
216
175
204
214
244
243
243
148
148
148
0
0
0
22
16
101
22
51
144
27
43
128
28
43
130
28
44
131
28
44
132
28
44
133
252
221
0
253
222
0
27
46
135
27
46
136
255
224
0
255
224
0
28
45
135
29
45
135
29
45
135
29
45
135
29
45
135
24
55
156
24
18
112
20
53
90
231
242
253
87
128
172
162
180
188
1
1
1
173
201
213
173
201
213
244
244
244
148
148
148
0
0
0
20
15
90
22
48
143
29
40
124
30
40
126
31
40
128
31
40
129
251
221
0
252
221
0
31
42
130
254
223
0
255
224
0
31
42
131
255
224
0
255
224
0
32
41
131
32
41
131
31
42
131
31
42
131
24
52
155
22
17
100
48
79
114
217
232
245
87
126
166
152
169
177
5
5
5
171
198
210
172
199
210
243
244
244
148
148
148
0
0
0
19
17
71
21
43
140
30
40
125
32
39
124
33
38
126
250
220
0
251
221
0
35
39
128
253
222
0
254
223
0
255
224
0
255
224
0
35
39
129
255
224
0
255
224
0
34
39
129
33
40
129
32
42
132
23
47
151
21
19
79
89
118
150
189
209
229
96
130
164
129
143
150
47
50
51
169
196
208
170
198
208
243
243
243
148
148
148
0
0
0
11
32
56
23
32
127
27
47
138
34
37
122
35
37
124
250
220
0
35
37
125
252
221
0
253
222
0
254
223
0
255
224
0
255
224
0
255
224
0
36
38
127
255
224
0
36
38
127
35
38
127
29
50
146
25
35
137
12
35
62
156
182
206
138
167
197
118
146
170
98
108
114
100
107
110
167
196
208
167
195
207
243
244
243
148
148
148
0
0
0
15
45
78
21
17
93
23
48
146
34
39
124
36
36
123
250
220
0
37
36
124
38
37
125
38
37
125
38
37
126
38
37
126
38
37
126
38
37
126
38
37
126
255
224
0
37
37
126
35
40
129
24
51
154
23
18
101
17
50
86
202
225
246
76
112
150
152
172
185
49
54
57
173
187
191
165
192
205
166
192
205
243
243
243
148
148
148
0
0
0
109
136
165
11
28
49
24
32
129
25
53
150
36
36
123
250
220
0
251
221
0
252
221
0
253
222
0
254
223
0
255
224
0
255
224
0
255
224
0
255
224
0
255
224
0
37
37
126
26
55
156
25
34
136
12
30
53
121
151
183
141
172
203
91
121
148
146
162
170
53
57
58
207
224
230
163
191
203
162
191
203
243
243
243
148
148
148
0
0
0
163
191
219
51
80
112
16
16
62
23
37
135
25
51
150
36
37
126
37
35
123
38
36
124
38
36
124
38
36
125
38
36
125
38
36
125
38
36
125
38
36
125
37
38
128
26
52
154
24
38
140
17
17
66
55
87
121
181
212
243
59
92
128
143
164
178
72
80
84
145
156
160
207
223
230
161
189
200
162
189
200
242
242
242
148
148
148
0
0
0
72
102
133
151
181
215
24
51
80
15
15
57
25
18
114
25
42
141
31
47
142
37
38
127
38
36
124
38
36
125
38
36
125
38
36
125
37
38
128
31
48
144
25
43
144
26
19
117
16
16
59
25
54
85
163
196
232
80
113
147
94
121
143
121
134
141
53
57
58
205
221
228
205
221
228
158
187
198
159
187
198
243
243
242
148
148
148
0
0
0
78
101
120
81
113
144
138
175
212
46
75
106
8
21
37
21
17
91
25
32
133
23
47
150
26
50
151
27
55
155
27
55
156
26
50
152
23
48
152
25
33
135
21
17
93
8
22
38
48
78
110
146
185
224
88
122
156
86
112
133
154
171
179
53
58
61
147
158
162
204
220
227
203
221
227
158
185
197
158
185
196
243
243
242
148
148
148
0
0
0
147
163
171
72
96
115
60
90
120
132
173
215
83
118
152
16
40
67
12
27
43
21
19
78
21
15
93
26
19
119
26
19
119
21
15
94
21
19
79
12
27
44
16
41
68
85
121
156
137
180
223
63
95
127
78
104
124
163
181
190
68
76
79
22
22
22
202
219
225
202
219
225
203
219
225
154
182
193
154
183
193
242
243
242
148
148
148
0
0
0
61
69
71
144
160
168
74
97
114
32
56
82
87
124
162
121
166
212
82
119
157
47
77
108
34
61
88
8
31
54
8
31
54
34
61
89
48
78
109
83
121
159
123
169
216
89
127
166
33
58
85
78
102
120
156
173
182
68
76
79
45
40
31
22
22
22
201
218
225
201
218
225
201
218
225
154
180
191
154
180
192
243
242
242
148
148
148
0
0
0
