21
30
85
66
0
255
198
0
204
158
0
68
53
0
255
198
0
119
92
0
48
48
48
61
7
56
64
2
63
78
1
78
78
1
78
64
2
63
61
7
56
98
67
43
162
123
73
200
162
108
216
179
125
170
114
47
157
103
39
144
105
57
78
75
68
15
15
15
110
83
42
98
47
0
98
47
0
39
26
12
39
26
12
125
86
17
98
47
0
0
0
0
22
22
22
204
158
0
255
198
0
170
132
0
255
198
0
68
53
0
57
57
57
125
1
124
147
1
145
164
1
162
164
1
162
147
1
145
125
1
124
103
1
102
64
3
62
112
31
85
183
144
91
210
173
119
179
126
61
157
103
40
141
106
63
61
60
57
88
69
42
96
46
0
96
46
0
38
26
12
38
26
12
124
85
17
96
46
0
0
0
0
51
51
51
85
66
0
255
198
0
255
198
0
255
198
0
34
26
0
60
60
60
189
1
187
194
1
191
194
1
191
194
1
191
194
1
191
189
1
187
174
1
172
125
1
124
76
1
75
53
12
43
173
116
94
205
167
112
168
112
44
155
102
42
125
97
66
17
14
10
93
45
1
94
45
0
38
26
12
38
26
12
122
84
17
94
45
0
0
0
0
59
59
59
22
22
22
204
158
0
255
198
0
238
185
0
8
8
8
61
61
61
189
1
187
191
1
189
194
1
191
194
1
191
191
1
189
189
1
187
186
1
184
181
1
179
152
1
150
108
1
107
55
11
47
180
141
88
200
160
102
154
93
24
154
110
56
85
78
68
65
39
15
93
44
0
37
25
12
37
25
12
121
83
17
93
44
0
0
0
0
61
61
61
52
52
52
85
66
0
255
198
0
187
145
0
28
28
28
61
61
61
255
224
0
255
224
0
255
224
0
255
224
0
255
224
0
255
224
0
255
224
0
255
224
0
174
1
172
154
1
153
105
1
104
98
65
46
192
154
99
180
131
67
158
104
41
137
105
68
12
8
5
91
43
1
37
24
12
37
24
12
120
82
17
91
43
0
0
0
0
61
61
61
61
61
61
40
40
40
0
0
0
28
28
28
55
55
55
61
61
61
179
1
177
181
1
179
184
1
182
184
1
182
181
1
179
179
1
177
174
1
172
255
224
0
167
1
165
162
1
160
135
1
133
71
3
69
162
123
75
197
156
98
152
91
25
156
112
60
65
59
52
75
42
13
36
24
12
36
24
12
118
82
17
89
42
0
0
0
0
98
65
47
105
1
104
152
1
150
154
1
153
157
1
155
255
224
0
167
1
165
172
1
170
174
1
172
174
1
172
174
1
172
174
1
172
172
1
170
167
1
165
255
224
0
157
1
155
154
1
153
152
1
150
105
1
104
98
65
47
189
150
93
169
117
52
154
104
46
106
90
71
52
32
15
36
24
12
36
24
12
117
81
17
88
41
0
0
0
0
61
7
56
125
1
124
142
1
141
142
1
141
145
1
143
255
224
0
255
224
0
159
1
158
162
1
160
167
1
165
167
1
165
162
1
160
159
1
158
255
224
0
255
224
0
145
1
143
142
1
141
142
1
141
125
1
124
61
7
56
179
138
84
182
134
71
148
93
32
132
105
73
30
20
11
36
23
12
36
23
12
116
81
17
87
41
0
0
0
0
66
2
65
137
1
136
132
1
131
132
1
131
135
1
133
137
1
136
255
224
0
255
224
0
150
1
148
150
1
148
150
1
148
150
1
148
255
224
0
255
224
0
137
1
136
135
1
133
132
1
131
132
1
131
137
1
136
66
2
65
168
128
75
193
148
87
145
85
22
146
110
67
12
8
5
36
23
13
36
23
13
115
80
18
86
40
1
0
0
0
74
1
73
140
1
138
128
1
126
128
1
126
128
1
126
128
1
126
128
1
126
255
224
0
255
224
0
130
1
128
130
1
128
255
224
0
255
224
0
128
1
126
128
1
126
128
1
126
128
1
126
128
1
126
140
1
138
74
1
73
161
120
69
201
157
97
139
79
17
152
113
65
3
2
1
36
23
13
36
23
13
114
80
19
85
40
2
0
0
0
74
1
73
140
1
138
123
1
121
123
1
121
123
1
121
123
1
121
123
1
121
255
224
0
255
224
0
123
1
121
123
1
121
255
224
0
255
224
0
123
1
121
123
1
121
123
1
121
123
1
121
123
1
121
140
1
138
74
1
73
161
119
68
202
160
100
136
77
17
152
113
65
3
2
1
36
23
13
36
23
13
114
79
20
84
39
3
0
0
0
66
2
65
135
1
133
118
1
116
118
1
116
118
1
116
118
1
116
255
224
0
255
224
0
118
1
116
255
224
0
255
224
0
118
1
116
255
224
0
255
224
0
118
1
116
118
1
116
118
1
116
118
1
116
135
1
133
66
2
65
169
129
76
199
154
95
137
79
22
147
111
68
12
8
5
35
23
13
35
23
13
113
79
21
83
39
4
0
0
0
63
7
59
125
1
124
120
1
119
118
1
116
115
1
114
255
224
0
255
224
0
118
1
116
255
224
0
255
224
0
255
224
0
255
224
0
118
1
116
255
224
0
255
224
0
115
1
114
118
1
116
120
1
119
125
1
124
63
7
59
182
141
87
188
142
84
138
86
31
132
105
74
29
19
12
35
23
13
35
23
13
113
78
22
83
38
5
0
0
0
100
65
48
105
1
104
132
1
131
115
1
114
115
1
114
255
224
0
115
1
114
255
224
0
255
224
0
255
224
0
255
224
0
255
224
0
255
224
0
115
1
114
255
224
0
115
1
114
115
1
114
132
1
131
105
1
104
100
65
48
197
155
100
165
116
60
146
98
46
107
91
73
48
30
18
35
23
14
35
23
14
112
78
24
82
38
7
0
0
0
164
124
76
69
3
67
132
1
131
118
1
116
115
1
114
255
224
0
115
1
114
115
1
114
115
1
114
115
1
114
115
1
114
115
1
114
115
1
114
115
1
114
255
224
0
115
1
114
118
1
116
132
1
131
69
3
67
164
124
76
208
167
111
132
78
26
152
110
60
65
59
52
70
39
18
34
23
14
34
23
14
112
77
25
81
37
8
0
0
0
200
158
105
99
65
46
105
1
104
140
1
138
115
1
114
255
224
0
255
224
0
255
224
0
255
224
0
255
224
0
255
224
0
255
224
0
255
224
0
255
224
0
255
224
0
115
1
114
140
1
138
105
1
104
99
65
46
200
158
105
176
130
77
139
91
41
137
105
68
11
8
5
81
38
10
34
23
13
34
23
13
112
77
26
81
37
9
0
0
0
211
170
116
182
142
91
55
11
47
110
1
109
135
1
133
118
1
116
113
1
111
113
1
111
113
1
111
113
1
111
113
1
111
113
1
111
113
1
111
113
1
111
118
1
116
135
1
133
110
1
109
55
11
47
182
142
91
211
170
116
123
72
25
149
107
57
85
78
68
57
34
21
80
36
11
34
22
14
34
22
14
111
76
27
80
36
11
0
0
0
144
95
48
217
177
124
173
134
83
54
11
45
78
1
78
120
1
119
130
1
128
118
1
116
113
1
111
113
1
111
113
1
111
113
1
111
118
1
116
130
1
128
120
1
119
78
1
78
54
11
45
173
134
83
217
177
124
144
95
48
135
89
41
126
98
66
16
14
11
79
37
13
79
36
12
35
22
14
35
22
14
110
76
28
79
36
12
0
0
0
132
86
38
159
113
66
220
180
129
185
145
92
119
84
47
64
3
62
103
1
102
128
1
126
132
1
131
142
1
141
142
1
141
132
1
131
128
1
126
103
1
102
64
3
62
119
84
47
185
145
92
220
180
129
159
113
66
132
86
38
142
107
63
61
60
57
81
65
48
79
35
14
79
35
14
35
22
15
35
22
15
110
76
30
79
35
14
0
0
0
143
105
58
129
85
38
141
96
52
225
184
136
205
164
113
161
123
74
96
64
42
64
6
60
64
2
62
78
1
78
78
1
78
64
2
62
64
6
60
96
64
42
161
123
74
205
164
113
225
184
136
141
96
52
129
85
38
143
105
58
79
75
68
15
15
15
98
76
51
78
35
15
78
35
15
34
22
15
34
22
15
109
76
31
78
35
15
0
0
0
77
74
67
139
103
61
127
82
38
112
65
25
186
144
99
231
192
143
213
174
123
189
149
98
166
126
76
153
112
65
153
112
65
166
126
76
189
149
98
213
174
123
231
192
143
186
144
99
112
65
25
127
82
38
139
103
61
77
74
67
26
25
26
0
0
0
97
74
53
77
34
17
77
34
17
34
21
15
34
21
15
108
74
33
77
34
17
0
0
0
