16
16
110
110
110
225
225
225
225
225
225
225
225
225
225
225
225
225
225
225
225
225
225
225
225
225
225
225
225
225
225
225
225
225
225
225
225
225
225
225
225
225
225
225
225
225
225
110
110
110
225
225
225
84
1
63
84
1
63
84
1
63
84
1
63
84
1
63
84
1
63
84
1
63
84
1
63
84
1
63
84
1
63
84
1
63
84
1
63
84
1
63
84
1
63
225
225
225
225
225
225
84
1
63
122
33
100
133
44
111
140
51
118
144
55
122
146
57
124
147
58
125
147
58
125
146
57
124
144
55
122
140
51
118
133
44
111
122
33
100
84
1
63
225
225
225
225
225
225
84
1
63
109
20
87
140
51
118
147
58
125
150
61
128
152
63
130
153
64
131
153
64
131
152
63
130
150
61
128
147
58
125
140
51
118
109
20
87
84
1
63
225
225
225
225
225
225
84
1
63
97
8
75
132
43
110
255
216
0
255
216
0
255
216
0
255
216
0
255
216
0
255
216
0
255
216
0
255
216
0
132
43
110
97
8
75
84
1
63
225
225
225
225
225
225
84
1
63
86
1
65
123
34
101
255
216
0
255
234
0
255
234
0
255
234
0
255
234
0
255
234
0
255
234
0
255
216
0
123
34
101
86
1
65
84
1
63
225
225
225
225
225
225
84
1
63
99
10
77
121
32
99
255
216
0
255
223
0
255
234
0
255
234
0
255
234
0
255
234
0
255
223
0
255
216
0
121
32
99
99
10
77
84
1
63
225
225
225
225
225
225
84
1
63
104
15
82
125
36
103
114
25
92
255
216
0
255
223
0
255
234
0
255
234
0
255
223
0
255
216
0
114
25
92
125
36
103
104
15
82
84
1
63
225
225
225
225
225
225
84
1
63
104
15
82
125
36
103
119
30
97
107
18
85
255
216
0
255
223
0
255
223
0
255
216
0
107
18
85
119
30
97
125
36
103
104
15
82
84
1
63
225
225
225
225
225
225
84
1
63
109
20
87
130
41
108
128
39
106
124
35
102
111
22
89
255
216
0
255
216
0
111
22
89
124
35
102
128
39
106
130
41
108
109
20
87
84
1
63
225
225
225
225
225
225
84
1
63
119
30
97
139
50
117
140
51
118
140
51
118
137
48
115
124
35
102
124
35
102
137
48
115
140
51
118
140
51
118
139
50
117
119
30
97
84
1
63
225
225
225
225
225
225
84
1
63
128
39
106
148
59
126
255
216
0
255
216
0
255
216
0
255
216
0
255
216
0
255
216
0
255
216
0
255
216
0
148
59
126
128
39
106
84
1
63
225
225
225
225
225
225
84
1
63
138
49
116
157
68
135
152
63
130
135
46
113
126
37
104
126
37
104
126
37
104
126
37
104
135
46
113
152
63
130
157
68
135
138
49
116
84
1
63
225
225
225
225
225
225
84
1
63
149
60
127
153
64
131
150
61
128
142
53
120
138
49
116
138
49
116
138
49
116
138
49
116
142
53
120
150
61
128
153
64
131
149
60
127
84
1
63
225
225
225
225
225
225
84
1
63
84
1
63
84
1
63
84
1
63
84
1
63
84
1
63
84
1
63
84
1
63
84
1
63
84
1
63
84
1
63
84
1
63
84
1
63
84
1
63
225
225
225
110
110
110
225
225
225
225
225
225
225
225
225
225
225
225
225
225
225
225
225
225
225
225
225
225
225
225
225
225
225
225
225
225
225
225
225
225
225
225
225
225
225
225
225
225
110
110
110
