16
16
110
110
110
225
225
225
225
225
225
225
225
225
225
225
225
225
225
225
225
225
225
225
225
225
225
225
225
225
225
225
225
225
225
225
225
225
225
225
225
225
225
225
225
225
225
110
110
110
225
225
225
98
12
48
98
12
48
98
12
48
98
12
48
98
12
48
98
12
48
98
12
48
98
12
48
98
12
48
98
12
48
98
12
48
98
12
48
98
12
48
98
12
48
225
225
225
225
225
225
98
12
48
114
21
21
126
22
22
134
22
22
138
22
22
141
22
22
141
22
22
141
22
22
141
22
22
138
22
22
134
22
22
126
22
22
114
21
21
98
12
48
225
225
225
225
225
225
98
12
48
100
20
20
129
26
26
136
25
25
141
25
25
144
25
25
144
25
25
144
25
25
144
25
25
141
25
25
136
25
25
129
26
26
100
20
20
98
12
48
225
225
225
225
225
225
98
12
48
86
20
20
118
26
26
255
216
0
255
216
0
255
216
0
255
216
0
255
216
0
255
216
0
255
216
0
255
216
0
118
26
26
86
20
20
98
12
48
225
225
225
225
225
225
98
12
48
75
19
19
107
27
27
255
216
0
255
234
0
255
234
0
255
234
0
255
234
0
255
234
0
255
234
0
255
216
0
107
27
27
75
19
19
98
12
48
225
225
225
225
225
225
98
12
48
87
20
20
103
27
27
255
216
0
255
223
0
255
234
0
255
234
0
255
234
0
255
234
0
255
223
0
255
216
0
103
27
27
87
20
20
98
12
48
225
225
225
225
225
225
98
12
48
93
20
20
109
27
27
93
24
27
255
216
0
255
223
0
255
234
0
255
234
0
255
223
0
255
216
0
93
24
27
109
27
27
93
20
20
98
12
48
225
225
225
225
225
225
98
12
48
93
20
20
109
27
27
101
26
27
81
23
27
255
216
0
255
223
0
255
223
0
255
216
0
81
23
27
101
26
27
109
27
27
93
20
20
98
12
48
225
225
225
225
225
225
98
12
48
98
20
20
115
26
26
112
26
26
106
26
27
88
23
27
255
216
0
255
216
0
88
23
27
106
26
27
112
26
26
115
26
26
98
20
20
98
12
48
225
225
225
225
225
225
98
12
48
109
21
21
127
26
26
127
26
26
128
26
26
124
25
26
103
22
27
103
22
27
124
25
26
128
26
26
127
26
26
127
26
26
109
21
21
98
12
48
225
225
225
225
225
225
98
12
48
120
21
21
138
25
25
255
216
0
255
216
0
255
216
0
255
216
0
255
216
0
255
216
0
255
216
0
255
216
0
138
25
25
120
21
21
98
12
48
225
225
225
225
225
225
98
12
48
131
22
22
150
25
25
141
23
25
116
20
26
103
19
27
103
19
27
103
19
27
103
19
27
116
20
26
141
23
25
150
25
25
131
22
22
98
12
48
225
225
225
225
225
225
98
12
48
143
22
22
148
23
23
142
22
23
130
21
24
124
20
24
124
20
24
124
20
24
124
20
24
130
21
24
142
22
23
148
23
23
143
22
22
98
12
48
225
225
225
225
225
225
98
12
48
98
12
48
98
12
48
98
12
48
98
12
48
98
12
48
98
12
48
98
12
48
98
12
48
98
12
48
98
12
48
98
12
48
98
12
48
98
12
48
225
225
225
110
110
110
225
225
225
225
225
225
225
225
225
225
225
225
225
225
225
225
225
225
225
225
225
225
225
225
225
225
225
225
225
225
225
225
225
225
225
225
225
225
225
225
225
225
110
110
110
