15
22
239
216
95
239
216
95
239
216
95
231
208
74
231
207
74
230
206
73
223
192
67
200
153
50
185
135
42
185
135
42
187
137
41
187
138
40
187
138
40
187
138
41
201
166
62
208
175
66
236
212
81
235
212
79
231
208
74
231
208
74
231
208
74
233
211
80
239
216
95
239
216
95
243
223
97
229
204
73
195
156
55
166
114
38
147
87
27
132
68
16
132
68
16
132
68
16
133
74
22
134
76
24
134
76
24
134
76
24
132
76
24
132
76
24
143
90
30
186
148
52
223
197
70
231
208
74
231
208
74
231
208
74
239
216
95
239
216
95
232
201
90
169
118
41
141
77
24
140
76
24
147
85
26
158
101
30
158
101
30
158
101
30
160
105
32
161
106
33
161
106
33
161
106
33
132
76
24
132
76
24
132
76
24
136
80
24
171
126
41
219
191
67
231
208
74
233
211
80
239
219
99
227
203
89
166
117
39
133
76
24
144
87
28
164
105
34
183
120
38
191
123
38
189
121
37
184
115
34
181
111
33
181
111
33
187
118
36
192
125
38
178
111
35
164
100
31
146
85
26
137
77
21
132
72
16
162
110
33
215
180
65
237
214
86
239
219
99
163
113
36
148
92
24
151
93
30
171
112
36
188
127
41
190
127
40
190
123
37
184
115
35
185
116
35
190
122
37
187
119
36
187
118
36
187
119
36
179
112
35
179
112
35
171
106
33
147
85
24
132
72
16
134
74
17
200
159
56
237
216
86
215
186
79
155
101
29
148
92
24
173
114
35
192
131
41
192
131
41
192
129
40
189
124
39
190
125
39
196
132
40
198
134
41
191
126
38
185
118
35
190
124
37
194
126
39
196
128
40
192
125
39
178
118
36
154
98
27
138
76
19
176
127
40
227
200
77
215
186
79
155
101
29
148
92
24
181
122
36
198
136
41
198
136
41
196
134
41
190
130
41
189
128
41
193
134
41
197
136
41
189
124
37
181
116
33
187
122
36
187
123
36
184
121
34
189
125
37
185
126
37
162
104
30
148
84
24
176
124
35
222
190
67
215
186
79
155
101
29
148
92
24
188
127
38
198
136
41
198
136
41
197
136
41
194
134
41
190
129
41
192
132
41
197
135
41
190
126
37
183
118
34
189
124
37
193
129
39
189
125
37
191
126
38
185
125
37
162
104
30
148
84
24
176
124
35
221
190
66
213
182
74
149
95
29
142
85
24
181
119
36
198
133
41
198
133
41
198
134
41
196
134
40
190
126
38
190
127
38
196
132
40
192
128
39
189
125
38
197
131
40
197
131
41
192
126
39
198
132
41
193
134
41
165
112
32
142
84
24
173
123
35
221
192
66
220
190
77
148
95
29
140
84
24
157
98
29
194
128
40
197
131
41
190
125
38
186
121
36
188
123
36
192
128
38
191
127
38
181
121
36
179
120
35
196
130
40
195
129
40
187
121
37
188
122
38
189
130
39
162
110
32
140
84
24
173
123
35
221
192
66
239
216
90
194
156
60
141
85
25
142
85
25
170
109
33
197
131
41
192
127
38
192
128
38
193
130
39
193
130
39
191
127
38
181
121
36
173
116
33
190
126
38
189
123
38
181
115
36
178
112
35
164
102
31
143
88
25
140
84
24
185
137
39
228
202
74
231
212
74
231
212
74
167
116
31
140
88
24
140
88
24
148
97
28
178
127
39
196
138
40
198
140
41
198
140
41
191
134
41
189
132
41
189
132
41
189
132
41
189
128
41
181
121
39
160
102
32
144
87
27
140
84
24
148
94
28
193
155
51
232
207
76
231
212
74
231
212
74
223
200
69
184
142
48
140
88
24
140
88
24
147
92
25
167
107
30
182
123
35
187
128
37
180
123
37
178
121
37
178
121
37
167
110
34
161
103
33
143
86
27
136
80
25
135
79
24
161
112
35
210
177
59
235
211
72
234
213
75
231
212
75
231
212
75
231
212
76
243
216
82
204
168
61
149
99
30
146
91
26
149
89
25
149
89
25
149
89
25
142
86
24
140
84
24
140
84
24
140
84
24
134
79
24
136
81
25
148
96
32
181
136
45
223
195
65
238
214
73
238
215
74
235
213
76
231
212
82
233
213
84
235
216
86
239
216
90
238
213
89
226
196
80
205
168
66
190
150
56
190
150
56
190
150
56
183
144
52
180
142
51
180
142
51
180
142
51
183
145
49
203
172
62
223
201
77
231
210
76
231
208
66
232
209
69
234
211
73
233
213
76
