15
22
239
216
95
239
216
95
239
216
95
231
208
74
229
205
73
210
178
62
188
144
49
163
107
31
156
98
28
156
98
28
157
102
30
158
104
31
158
104
31
158
104
31
163
117
41
166
120
42
189
150
55
223
196
72
231
208
74
231
208
74
231
208
74
232
209
77
239
216
95
239
216
95
246
229
98
227
202
72
165
113
38
140
76
24
138
74
22
133
69
16
133
69
16
133
69
16
134
74
22
135
77
24
135
77
24
135
77
24
132
76
24
132
76
24
132
76
24
155
106
35
213
182
64
231
207
74
231
208
74
231
208
74
239
218
97
239
218
97
207
170
71
151
97
32
137
77
24
148
86
28
161
98
31
173
110
33
173
110
33
171
108
32
171
108
33
171
109
33
174
112
34
177
116
35
155
93
29
144
84
27
136
78
24
136
78
23
149
96
27
192
153
51
225
196
70
235
211
83
239
219
99
214
185
79
153
98
28
133
76
24
153
95
30
174
114
36
191
129
41
195
129
40
192
125
38
185
117
35
181
111
33
181
111
33
186
117
36
192
125
38
179
112
35
175
109
34
154
91
28
137
77
21
132
72
16
150
95
26
207
168
60
237
215
85
229
206
91
160
109
34
148
92
24
160
101
32
180
119
38
189
128
41
190
127
40
190
122
37
186
118
36
189
121
37
194
127
39
190
123
37
187
118
36
189
121
37
187
119
38
187
119
38
182
115
36
160
99
29
140
82
21
132
72
16
185
140
47
233
209
83
216
188
80
158
105
32
148
92
24
174
115
33
197
135
41
197
135
41
195
133
41
189
128
41
190
129
41
196
136
41
198
137
41
190
125
37
182
116
34
187
122
36
188
124
37
192
128
38
192
128
38
185
126
37
162
106
30
147
83
23
174
122
35
222
191
68
216
188
80
158
105
32
148
92
24
185
125
37
198
136
41
198
136
41
196
135
41
191
131
41
189
128
41
193
133
41
197
136
41
189
125
37
182
116
33
187
122
36
189
125
37
184
121
34
188
124
36
185
125
36
163
106
30
148
84
24
174
121
35
219
187
65
216
188
80
158
105
32
148
92
24
183
123
36
198
136
41
198
136
41
198
137
41
196
137
41
192
131
41
191
131
41
196
135
41
193
130
38
187
122
36
191
128
38
197
131
40
192
128
38
196
131
40
189
128
38
163
106
30
148
84
24
174
121
35
219
187
65
214
183
73
150
98
31
140
84
24
173
111
34
198
132
41
198
132
41
197
132
40
193
129
39
189
124
37
190
126
37
194
130
39
189
126
38
187
124
37
198
132
41
197
131
41
191
125
38
196
130
40
195
135
41
168
116
34
140
84
24
171
120
35
219
189
65
234
209
87
154
103
34
140
84
24
145
88
26
185
121
37
195
129
40
183
118
35
184
119
35
189
125
37
194
132
39
192
129
39
178
118
35
175
116
34
191
127
38
191
125
38
182
116
36
178
113
35
179
119
36
157
104
30
140
84
24
171
120
35
219
189
65
237
215
86
216
188
72
149
94
27
140
85
24
158
99
29
185
123
38
193
132
41
195
134
40
196
134
40
194
132
39
191
129
39
185
125
38
178
120
35
189
127
39
189
125
39
182
118
37
175
111
35
158
97
29
140
84
24
140
84
24
185
139
41
230
203
75
231
212
74
231
212
74
195
158
50
140
88
24
140
88
24
142
90
25
161
108
31
191
132
38
198
140
41
198
140
41
192
134
41
189
132
41
189
132
41
189
132
41
188
127
41
172
112
36
151
94
30
138
82
25
140
84
24
166
118
37
215
183
62
234
211
76
231
212
74
231
212
74
231
212
74
216
183
66
153
103
31
140
88
24
142
88
24
153
93
26
168
108
31
174
115
33
169
111
33
166
110
33
166
110
33
153
97
29
146
89
28
132
76
24
133
77
24
142
87
27
179
136
44
227
199
68
239
216
74
234
213
74
231
212
79
231
212
79
233
213
81
241
216
87
225
196
78
185
142
53
159
105
34
153
96
30
153
96
30
153
96
30
144
89
26
140
86
24
140
86
24
140
86
24
143
89
24
149
97
28
186
149
54
211
181
64
228
202
65
234
210
69
235
212
72
233
212
75
232
213
83
234
214
85
236
216
87
239
216
90
239
216
90
239
216
90
231
207
85
215
188
74
215
188
74
215
188
74
212
184
72
211
182
71
211
182
71
211
182
71
208
181
67
231
212
82
231
212
82
231
210
77
232
208
68
233
211
72
234
212
74
234
214
78
