10
190
216
216
216
0
0
0
0
8
0
0
8
0
0
8
0
0
8
0
0
8
0
0
8
0
0
8
0
0
8
0
2
17
0
2
17
0
2
17
0
2
17
0
0
26
2
41
255
11
41
255
11
87
255
17
87
255
13
87
255
13
41
255
8
12
134
5
0
17
0
7
65
0
0
17
0
0
17
0
4
52
0
84
110
2
255
255
255
84
110
2
61
110
2
255
255
255
61
110
2
2
82
4
0
0
0
216
216
216
64
64
64
216
216
216
0
0
0
2
13
0
2
13
0
7
25
0
13
37
0
27
52
0
27
52
0
27
52
0
141
255
32
141
255
74
141
255
74
141
255
74
181
255
80
195
255
32
195
255
32
110
255
32
78
204
32
93
232
57
93
232
57
130
255
77
130
255
77
110
255
62
110
255
62
110
255
62
110
255
62
47
120
4
30
74
1
13
32
0
255
255
255
255
255
255
255
255
255
1
7
0
1
7
0
0
0
0
216
216
216
64
64
64
216
216
216
0
0
0
0
0
0
0
0
0
0
0
0
0
9
0
0
13
0
4
67
9
13
137
32
27
221
68
37
255
82
37
255
82
55
255
133
78
255
193
81
255
199
81
255
199
81
255
199
78
255
180
78
255
140
78
255
140
11
100
16
0
0
0
0
0
0
5
56
9
5
56
9
5
56
9
0
14
1
0
4
0
0
11
1
255
255
255
0
4
0
0
0
0
0
0
0
0
0
0
0
0
0
216
216
216
64
64
64
216
216
216
0
0
0
17
0
0
17
0
0
55
28
21
55
28
21
7
4
2
45
40
35
117
113
111
117
113
111
180
188
193
180
188
193
180
188
193
2
5
4
77
54
38
77
54
38
17
1
1
17
1
1
17
0
0
17
0
0
17
0
0
17
0
0
21
2
1
40
24
20
40
24
20
65
77
62
193
202
209
109
107
107
193
202
209
109
107
107
224
239
239
49
51
42
9
9
4
9
9
4
0
0
0
216
216
216
64
64
64
216
216
216
0
0
0
29
19
16
34
17
15
70
43
39
82
51
46
57
39
40
45
26
33
70
52
46
57
39
40
16
6
12
44
24
16
44
24
16
44
24
16
60
33
12
61
33
12
61
33
12
61
33
13
70
43
29
70
43
29
48
13
3
41
13
5
45
15
15
51
16
16
39
12
14
36
15
15
44
16
16
41
18
17
40
19
17
38
20
18
36
22
19
34
23
20
19
18
15
21
19
16
0
0
0
216
216
216
64
64
64
216
216
216
0
0
0
65
45
39
64
43
38
63
42
37
216
216
216
0
0
0
0
8
0
0
8
0
22
107
1
168
255
2
168
255
4
168
255
4
22
113
0
22
113
0
2
17
0
2
17
0
2
17
0
2
17
0
12
123
6
87
255
17
87
255
17
41
255
11
41
255
8
41
255
8
87
255
13
41
255
8
0
17
0
0
17
0
0
17
0
0
17
0
100
255
2
84
110
2
84
110
2
255
255
255
255
255
255
255
255
255
61
110
2
2
82
4
0
0
0
216
216
216
64
64
64
216
216
216
0
0
0
2
13
0
7
25
0
13
37
0
22
52
0
27
52
0
27
52
0
55
108
4
141
255
32
141
255
74
181
255
80
226
255
86
226
255
86
195
255
32
150
255
32
78
204
32
110
255
32
130
255
77
63
169
40
93
232
57
93
232
57
110
255
62
110
255
62
150
255
65
150
255
65
47
120
4
20
52
2
13
32
0
255
255
255
9
20
0
6
16
0
255
255
255
1
7
0
0
0
0
216
216
216
64
64
64
216
216
216
0
0
0
0
0
0
0
0
0
0
9
0
0
20
1
0
13
0
13
137
32
27
221
68
27
221
68
37
255
82
55
255
133
55
255
133
78
255
193
83
255
218
83
255
218
81
255
199
78
255
180
78
255
140
78
255
140
37
247
62
11
100
16
16
130
38
32
221
86
5
56
9
5
56
9
1
36
4
0
2
0
0
11
1
255
255
255
0
9
0
0
4
0
0
0
0
0
0
0
0
0
0
216
216
216
64
64
64
216
216
216
0
0
0
17
0
0
17
0
0
55
28
21
55
28
21
45
40
35
45
40
35
224
224
224
224
224
224
89
98
99
180
188
193
89
98
99
2
5
4
77
54
38
32
9
8
32
9
8
32
9
8
28
4
4
28
4
4
28
4
4
28
4
4
21
2
1
21
2
1
65
77
62
40
24
20
193
202
209
77
70
68
109
107
107
149
151
154
224
239
239
49
51
42
9
9
4
49
51
42
0
0
0
216
216
216
64
64
64
216
216
216
0
0
0
29
19
17
34
18
15
70
24
25
82
51
46
82
65
53
57
39
40
57
39
40
82
65
53
16
6
12
45
24
16
74
42
20
74
42
20
77
46
8
77
46
8
77
46
8
75
45
8
73
44
30
70
43
29
70
43
29
50
13
2
54
21
17
48
20
17
46
16
16
48
15
16
44
16
16
45
17
17
41
19
18
41
19
18
39
21
19
35
23
20
34
24
20
34
24
21
0
0
0
216
216
216
64
64
64
216
216
216
0
0
0
40
36
31
65
45
39
65
44
38
216
216
216
0
0
0
22
107
1
22
107
1
168
255
2
168
255
2
168
255
4
168
255
4
168
255
4
22
113
0
24
161
13
68
255
45
2
17
0
2
17
0
12
123
6
87
255
17
12
123
6
41
255
11
41
255
8
12
134
5
41
255
8
41
255
8
7
65
0
0
17
0
0
17
0
22
125
1
195
255
4
195
255
4
84
110
2
43
110
1
255
255
255
61
110
2
19
103
2
2
82
4
0
0
0
216
216
216
64
64
64
216
216
216
0
0
0
2
13
0
7
25
0
13
37
0
22
52
0
27
52
0
55
108
4
55
108
4
141
255
32
226
255
86
226
255
86
226
255
86
226
255
86
195
255
32
150
255
32
110
255
32
150
255
32
130
255
77
130
255
77
93
232
57
93
232
57
110
255
62
150
255
65
195
255
68
195
255
68
68
171
9
20
52
2
255
255
255
255
255
255
255
255
255
6
16
0
3
11
0
255
255
255
0
0
0
216
216
216
64
64
64
216
216
216
0
0
0
0
0
0
0
0
0
0
20
1
0
31
2
4
67
9
27
221
68
27
221
68
27
221
68
55
255
133
55
255
133
55
255
133
78
255
193
87
255
239
83
255
218
81
255
199
78
255
180
78
255
140
78
255
140
37
247
62
37
247
62
32
221
86
32
221
86
5
56
9
5
56
9
1
36
4
0
6
0
255
255
255
255
255
255
255
255
255
0
4
0
0
0
0
0
0
0
0
0
0
216
216
216
64
64
64
216
216
216
0
0
0
17
0
0
55
28
21
55
28
21
193
224
193
45
40
35
117
113
111
224
224
224
117
113
111
89
98
99
180
188
193
89
98
99
89
98
99
77
54
38
52
26
20
52
26
20
52
26
20
59
21
21
59
21
21
42
10
11
42
10
11
21
2
1
40
24
20
65
77
62
65
77
62
149
151
154
109
107
107
77
70
68
149
151
154
224
239
239
49
51
42
49
51
42
49
51
42
0
0
0
216
216
216
64
64
64
216
216
216
0
0
0
30
19
17
34
18
16
61
9
11
79
25
27
57
39
40
45
26
33
45
26
33
70
52
46
45
24
16
16
6
12
74
42
20
103
60
24
90
58
4
90
58
4
90
58
4
90
58
4
73
44
30
73
44
30
73
44
30
70
43
29
51
29
20
55
21
17
61
13
15
44
14
15
46
16
17
45
17
17
43
18
17
42
19
18
41
20
18
38
22
19
35
23
20
34
24
21
0
0
0
216
216
216
64
64
64
216
216
216
0
0
0
45
41
35
67
46
41
45
42
36
216
216
216
0
0
0
2
107
7
28
202
6
168
255
4
168
255
4
141
255
17
141
255
17
141
255
17
22
196
4
0
46
4
8
129
8
8
129
8
29
236
12
77
225
4
155
255
2
27
127
7
255
255
1
255
255
1
158
255
2
83
243
3
158
255
2
55
255
11
55
255
11
19
192
11
19
192
11
153
255
7
153
255
7
153
255
7
18
110
3
3
58
6
3
58
6
7
134
13
7
134
13
0
0
0
216
216
216
64
64
64
216
216
216
0
0
0
7
26
0
16
44
0
16
44
0
29
61
0
60
107
0
60
107
0
60
107
0
176
255
0
255
255
86
255
255
86
255
255
86
255
255
86
226
255
86
226
255
86
226
255
86
226
255
86
171
255
133
189
255
136
153
255
128
153
255
128
130
255
113
181
255
121
241
255
128
241
255
128
130
247
9
30
56
0
19
35
0
19
35
0
12
27
0
8
22
0
5
16
0
3
11
0
0
0
0
216
216
216
64
64
64
216
216
216
0
0
0
0
8
0
0
8
0
0
23
1
1
40
4
9
107
21
34
240
77
34
240
77
52
255
117
60
255
128
66
255
149
71
255
170
78
255
193
78
255
217
78
255
209
78
255
209
78
255
209
78
255
209
78
255
209
52
255
142
17
163
45
32
221
86
32
221
86
4
57
9
4
57
9
1
30
4
0
13
2
0
13
2
2
25
4
1
19
2
0
10
0
0
4
0
0
4
0
0
0
0
216
216
216
64
64
64
216
216
216
0
0
0
9
14
9
47
57
52
47
57
52
209
232
239
109
100
103
149
140
145
149
140
145
77
66
68
209
175
166
99
57
55
99
57
55
149
109
103
113
61
62
113
61
62
113
61
62
113
61
62
124
61
62
124
61
62
124
61
62
77
21
21
92
34
28
158
103
93
92
34
28
158
103
93
162
140
146
224
217
224
111
80
82
162
140
146
84
100
100
23
32
30
84
100
100
23
32
30
0
0
0
216
216
216
64
64
64
216
216
216
0
0
0
25
19
17
30
15
14
42
14
14
39
15
13
37
24
28
37
24
28
63
43
43
63
43
43
96
59
41
49
10
16
72
34
29
119
83
53
116
76
22
110
63
11
110
63
11
110
63
11
103
65
4
103
65
4
105
47
8
104
47
8
80
44
7
71
31
13
61
18
20
50
17
19
41
12
13
36
15
15
33
16
15
33
15
14
28
15
14
39
21
19
34
24
21
34
24
21
0
0
0
216
216
216
64
64
64
216
216
216
0
0
0
42
38
32
40
38
34
43
41
36
216
216
216
0
0
0
2
107
7
28
202
6
168
255
4
168
255
4
90
255
12
141
255
17
141
255
17
22
196
4
0
46
4
29
236
12
60
255
17
60
255
17
155
255
2
77
225
4
27
127
7
255
255
1
255
255
1
158
255
2
32
148
4
83
243
3
55
255
11
106
255
13
55
255
11
2
107
9
153
255
7
153
255
7
153
255
7
90
255
7
16
223
13
7
134
13
7
134
13
16
223
13
0
0
0
216
216
216
64
64
64
216
216
216
0
0
0
7
26
0
16
44
0
29
61
0
45
82
0
60
107
0
60
107
0
110
190
0
255
255
0
255
255
86
255
255
86
255
255
86
255
255
86
226
255
86
226
255
86
226
255
86
155
255
47
153
255
128
171
255
133
153
255
128
153
255
128
181
255
121
241
255
128
241
255
128
241
255
128
130
247
9
69
130
1
45
82
0
45
82
0
27
63
0
18
50
0
12
37
0
7
26
0
0
0
0
216
216
216
64
64
64
216
216
216
0
0
0
0
8
0
0
23
1
1
40
4
2
57
7
9
107
21
34
240
77
52
255
117
52
255
117
66
255
149
71
255
170
71
255
170
78
255
193
78
255
217
78
255
217
78
255
224
78
255
209
78
255
209
78
255
209
78
255
209
17
163
45
4
57
9
32
221
86
10
103
26
4
57
9
2
42
7
2
42
7
0
17
2
2
42
7
2
45
4
1
23
1
0
4
0
0
4
0
0
0
0
216
216
216
64
64
64
216
216
216
0
0
0
9
14
9
9
14
9
47
57
52
209
232
239
193
188
193
109
100
103
77
66
68
109
100
103
209
175
166
99
57
55
209
175
166
149
109
103
171
126
126
171
126
126
171
126
126
171
126
126
185
126
126
185
126
126
185
126
126
185
126
126
158
103
93
158
103
93
158
103
93
158
103
93
224
217
224
162
140
146
162
140
146
111
80
82
23
32
30
180
202
209
23
32
30
0
2
1
0
0
0
216
216
216
64
64
64
216
216
216
0
0
0
23
16
15
33
14
14
36
13
13
39
15
13
36
23
27
37
24
28
89
62
59
115
81
74
119
83
53
72
34
29
96
59
41
119
83
53
123
89
33
116
76
22
116
76
22
103
50
0
103
65
4
103
65
4
105
47
8
111
12
16
82
45
7
82
45
7
68
30
14
55
18
20
43
15
17
41
13
14
39
14
13
34
16
15
30
16
14
39
21
19
34
24
21
34
24
21
0
0
0
216
216
216
64
64
64
216
216
216
0
0
0
37
33
28
68
48
42
68
48
42
216
216
216
0
0
0
2
107
7
2
107
7
84
255
5
84
255
5
50
255
8
141
255
17
141
255
17
50
255
8
8
129
8
29
236
12
60
255
17
8
129
8
77
225
4
77
225
4
155
255
2
255
255
1
255
255
1
255
255
1
83
243
3
83
243
3
55
255
11
19
192
11
55
255
11
2
107
9
42
255
7
153
255
7
153
255
7
153
255
7
45
255
13
29
255
13
16
223
13
7
134
13
0
0
0
216
216
216
64
64
64
216
216
216
0
0
0
7
26
0
16
44
0
29
61
0
45
82
0
60
107
0
110
190
0
110
190
0
176
255
0
255
255
86
181
255
45
117
219
17
255
255
86
226
255
86
155
255
47
155
255
47
226
255
86
171
255
133
171
255
133
153
255
128
171
255
133
181
255
121
241
255
128
241
255
128
130
255
113
96
184
4
69
130
1
45
82
0
45
82
0
27
63
0
27
63
0
18
50
0
12
37
0
0
0
0
216
216
216
64
64
64
216
216
216
0
0
0
0
8
0
0
23
1
1
40
4
2
57
7
9
107
21
52
255
117
52
255
117
52
255
117
71
255
170
71
255
170
71
255
170
78
255
193
78
255
217
78
255
224
78
255
224
78
255
209
78
255
209
78
255
209
78
255
209
52
255
142
4
57
9
10
103
26
10
103
26
4
57
9
2
42
7
4
57
9
1
30
4
2
42
7
4
68
9
2
45
4
1
23
1
0
4
0
0
0
0
216
216
216
64
64
64
216
216
216
0
0
0
47
57
52
9
14
9
47
57
52
209
232
239
193
188
193
77
66
68
109
100
103
109
100
103
209
175
166
209
175
166
209
175
166
209
175
166
239
209
209
239
209
209
239
209
209
239
209
209
255
209
209
185
126
126
77
21
21
77
21
21
92
34
28
92
34
28
92
34
28
158
103
93
224
217
224
111
80
82
111
80
82
68
37
38
84
100
100
180
202
209
0
2
1
23
32
30
0
0
0
216
216
216
64
64
64
216
216
216
0
0
0
38
16
15
33
13
13
41
12
12
37
14
12
35
23
27
36
24
28
62
42
43
115
81
74
119
83
53
96
59
41
96
59
41
96
59
41
116
76
22
123
89
33
123
89
33
110
63
11
103
65
4
105
47
8
105
47
8
111
12
16
82
45
7
90
58
0
82
45
7
71
31
13
46
17
19
49
16
18
45
17
17
33
15
14
33
16
15
28
16
14
19
17
15
20
18
16
0
0
0
216
216
216
64
64
64
216
216
216
0
0
0
38
33
29
70
49
43
70
49
43
216
216
216
0
0
0
2
107
7
2
107
7
2
107
7
2
107
7
50
255
8
141
255
17
141
255
17
50
255
8
8
129
8
60
255
17
29
236
12
60
255
17
255
255
1
255
255
1
255
255
1
255
255
1
255
255
1
255
255
1
255
255
1
255
255
1
106
255
13
2
107
9
55
255
11
2
107
9
13
204
7
90
255
7
153
255
7
153
255
7
45
255
13
45
255
13
29
255
13
16
223
13
0
0
0
216
216
216
64
64
64
216
216
216
0
0
0
16
44
0
16
44
0
29
61
0
45
82
0
110
190
0
176
255
0
60
107
0
110
190
0
255
255
86
68
113
2
68
113
2
181
255
45
226
255
86
52
113
4
52
113
4
226
255
86
189
255
136
171
255
133
171
255
133
209
255
140
181
255
121
181
255
121
181
255
121
87
221
107
96
184
4
69
130
1
45
82
0
45
82
0
27
63
0
27
63
0
18
50
0
12
37
0
0
0
0
216
216
216
64
64
64
216
216
216
0
0
0
0
8
0
0
23
1
2
57
7
2
57
7
20
169
45
52
255
117
52
255
117
52
255
117
78
255
193
78
255
193
78
255
193
78
255
193
78
255
209
78
255
224
78
255
224
78
255
209
78
255
209
78
255
209
52
255
142
52
255
142
4
57
9
10
103
26
10
103
26
4
57
9
2
42
7
4
57
9
0
17
2
1
30
4
4
68
9
2
45
4
1
23
1
0
4
0
0
0
0
216
216
216
64
64
64
216
216
216
0
0
0
9
14
9
115
130
128
47
57
52
47
57
52
149
140
145
109
100
103
193
188
193
193
188
193
149
109
103
99
57
55
59
23
21
59
23
21
68
21
21
171
126
126
239
209
209
239
209
209
124
61
62
77
21
21
185
126
126
255
209
209
239
209
193
239
209
193
158
103
93
45
2
1
68
37
38
162
140
146
162
140
146
68
37
38
180
202
209
23
32
30
23
32
30
23
32
30
0
0
0
216
216
216
64
64
64
216
216
216
0
0
0
38
16
15
45
13
14
48
12
12
37
14
12
36
23
28
62
42
43
89
62
59
89
62
59
72
34
29
96
59
41
72
34
29
96
59
41
110
63
11
123
89
33
123
89
33
123
89
33
105
47
8
111
12
16
108
29
12
103
65
4
90
58
0
90
58
0
74
31
13
66
18
20
69
6
12
51
17
20
49
16
18
48
16
16
43
19
18
25
17
15
21
19
16
21
19
16
0
0
0
216
216
216
64
64
64
216
216
216
0
0
0
70
50
43
70
50
43
70
50
43
216
216
216
0
0
0
2
196
38
2
196
38
2
196
38
19
255
32
130
255
38
130
255
38
130
255
38
17
211
20
4
127
13
52
255
13
52
255
13
21
219
13
226
255
2
226
255
2
226
255
2
226
255
2
226
255
2
226
255
2
226
255
2
134
255
2
40
240
11
7
107
7
68
255
13
7
107
7
4
94
7
52
255
13
96
255
17
96
255
17
181
255
52
104
255
30
47
255
14
13
255
4
0
0
0
216
216
216
64
64
64
216
216
216
0
0
0
13
36
0
22
54
0
22
54
0
45
94
0
108
182
0
168
255
0
60
103
0
108
182
0
195
255
9
32
68
0
71
143
1
195
255
9
209
255
52
38
68
0
38
68
0
209
255
52
181
255
107
141
255
47
181
255
107
181
255
107
181
255
124
181
255
124
181
255
124
87
221
45
106
184
4
78
137
1
52
94
0
52
94
0
32
70
0
32
70
0
22
57
0
13
46
0
0
0
0
216
216
216
64
64
64
216
216
216
0
0
0
0
22
1
1
36
3
2
52
6
4
68
9
32
251
80
32
251
80
32
251
80
68
255
166
90
46
7
25
26
2
0
8
0
0
8
0
45
13
4
52
157
56
60
255
166
60
255
166
32
255
154
38
236
80
45
102
30
52
8
4
0
4
0
0
4
0
0
4
0
0
4
0
3
60
9
1
30
4
0
4
1
1
30
4
4
74
13
2
53
7
1
35
2
0
17
0
0
0
0
216
216
216
64
64
64
216
216
216
0
0
0
2
3
2
77
86
84
154
168
166
26
30
28
86
42
40
239
195
166
239
195
166
154
105
93
21
3
7
142
98
49
239
195
86
239
195
86
204
84
24
117
2
2
157
28
11
157
28
11
193
26
0
255
239
95
255
239
95
255
239
95
255
168
45
255
168
45
255
168
45
255
168
45
95
4
0
185
87
71
239
168
154
185
87
71
77
71
71
7
6
7
140
130
128
7
6
7
0
0
0
216
216
216
64
64
64
216
216
216
0
0
0
39
15
15
46
13
13
46
16
12
35
23
12
64
38
20
78
50
37
78
50
37
78
50
37
90
38
61
103
62
82
103
62
82
90
38
61
118
43
31
121
65
34
123
87
37
123
87
37
123
32
45
123
32
45
123
32
45
123
64
63
123
82
55
119
51
31
115
22
8
127
111
78
70
18
20
70
18
20
67
18
20
55
20
20
46
17
17
24
16
15
25
17
15
20
19
16
0
0
0
216
216
216
64
64
64
216
216
216
0
0
0
34
30
27
70
50
43
70
50
43
216
216
216
0
0
0
2
196
38
2
196
38
2
196
38
55
255
26
130
255
38
130
255
38
130
255
38
17
211
20
4
127
13
52
255
13
52
255
13
4
127
13
17
63
2
17
63
2
130
255
2
226
255
2
226
255
2
226
255
2
66
176
1
22
82
1
7
107
7
20
169
8
68
255
13
7
107
7
21
186
9
52
255
13
52
255
13
96
255
17
181
255
52
181
255
52
104
255
30
47
255
14
0
0
0
216
216
216
64
64
64
216
216
216
0
0
0
13
36
0
22
54
0
32
73
0
45
94
0
108
182
0
168
255
0
27
41
0
108
182
0
195
255
9
32
68
0
32
68
0
195
255
9
209
255
52
38
68
0
80
152
6
209
255
52
181
255
107
108
182
12
108
182
12
181
255
107
241
255
180
241
255
180
181
255
124
87
221
45
141
238
9
78
137
1
52
94
0
52
94
0
45
82
0
32
70
0
22
57
0
13
46
0
0
0
0
216
216
216
64
64
64
216
216
216
0
0
0
0
22
1
1
36
3
2
52
6
4
68
9
9
110
24
32
251
80
32
251
80
9
110
24
0
8
0
0
8
0
0
8
0
0
8
0
45
13
4
45
13
4
60
255
166
60
255
166
38
236
80
52
8
4
52
8
4
52
8
4
0
4
0
0
4
0
0
4
0
0
4
0
1
30
4
0
4
1
0
4
1
3
60
9
4
74
13
2
53
7
1
35
2
0
17
0
0
0
0
216
216
216
64
64
64
216
216
216
0
0
0
26
30
28
2
3
2
154
168
166
77
86
84
86
42
40
239
195
166
154
105
93
38
8
9
239
195
86
239
195
86
239
195
86
239
195
86
255
168
45
204
84
24
117
2
2
117
2
2
233
145
42
255
239
95
233
145
42
233
145
42
255
168
45
255
105
24
255
56
11
255
56
11
185
87
71
95
4
0
239
168
154
185
87
71
32
30
30
140
130
128
32
30
30
32
30
30
0
0
0
216
216
216
64
64
64
216
216
216
0
0
0
30
14
13
46
13
13
46
16
12
35
23
12
65
38
20
78
50
37
78
50
37
90
63
53
90
38
61
115
87
103
115
87
103
90
38
61
115
22
28
121
65
34
123
87
37
123
87
37
123
64
63
123
32
45
123
127
99
123
32
45
123
82
55
123
82
55
119
51
31
119
51
31
89
39
34
89
39
34
89
39
34
70
18
20
77
25
26
46
18
17
25
17
15
23
16
15
0
0
0
216
216
216
64
64
64
216
216
216
0
0
0
37
31
29
70
50
43
70
50
43
216
216
216
0
0
0
19
255
32
19
255
32
55
255
26
106
255
21
130
255
38
130
255
38
61
255
28
0
113
13
4
127
13
21
219
13
96
255
13
52
255
13
130
255
2
17
63
2
60
159
2
226
255
2
226
255
2
134
255
2
22
82
1
134
255
2
68
255
13
68
255
13
20
169
8
7
107
7
4
94
7
21
186
9
21
186
9
52
255
13
104
255
30
181
255
52
181
255
52
104
255
30
0
0
0
216
216
216
64
64
64
216
216
216
0
0
0
13
36
0
22
54
0
32
73
0
45
94
0
108
182
0
108
182
0
27
41
0
108
182
0
195
255
9
32
68
0
32
68
0
125
236
4
137
255
23
38
68
0
137
255
23
209
255
52
181
255
107
78
100
0
141
255
47
181
255
107
241
255
180
241
255
180
181
255
124
87
221
45
141
238
9
106
184
4
78
137
1
52
94
0
45
82
0
32
70
0
22
57
0
13
46
0
0
0
0
216
216
216
64
64
64
216
216
216
0
0
0
0
22
1
1
36
3
4
68
9
4
68
9
9
110
24
32
251
80
32
251
80
0
13
1
0
8
0
0
8
0
0
8
0
90
46
7
45
13
4
45
13
4
52
157
56
60
255
166
38
236
80
45
102
30
52
8
4
52
8
4
49
6
1
0
4
0
0
4
0
0
4
0
0
4
1
3
60
9
0
4
1
3
60
9
4
74
13
2
53
7
1
35
2
0
17
0
0
0
0
216
216
216
64
64
64
216
216
216
0
0
0
26
30
28
77
86
84
2
3
2
154
168
166
154
105
93
239
195
166
38
8
9
239
195
166
239
195
86
239
195
86
239
195
86
239
195
86
255
168
45
255
168
45
204
84
24
204
84
24
233
145
42
233
145
42
233
145
42
233
145
42
255
168
45
255
105
24
255
23
2
255
23
2
136
32
20
95
4
0
136
32
20
185
87
71
140
130
128
77
71
71
7
6
7
77
71
71
0
0
0
216
216
216
64
64
64
216
216
216
0
0
0
38
15
15
46
13
13
46
16
12
36
23
12
65
38
20
90
63
53
90
63
53
90
63
53
103
62
82
127
111
123
127
111
123
103
62
82
115
22
28
115
22
28
121
65
34
121
65
34
123
64
63
123
64
63
123
32
45
123
32
45
119
51
31
123
82
55
123
82
55
119
51
31
108
60
48
127
81
61
127
81
61
108
60
48
93
50
46
92
49
46
62
22
23
24
17
15
0
0
0
216
216
216
64
64
64
216
216
216
0
0
0
32
28
26
70
49
43
70
49
43
