10
25
87
56
46
86
55
45
85
55
45
83
54
44
82
53
43
81
52
42
81
52
42
81
52
42
82
52
42
83
53
43
85
53
44
85
54
45
87
54
46
89
55
46
89
56
47
90
55
47
90
56
48
90
56
48
91
56
48
91
56
48
91
56
48
91
56
48
91
56
48
91
56
48
91
56
48
87
56
46
86
56
45
85
55
45
84
54
44
83
54
44
209
201
199
255
255
255
255
255
255
187
175
171
232
228
227
87
55
45
88
56
46
89
56
47
90
57
47
90
57
48
90
56
48
90
56
48
90
56
48
90
56
48
189
175
172
233
228
227
90
56
48
90
56
48
91
56
48
91
56
47
87
56
46
86
55
45
85
55
45
85
54
45
153
134
129
255
255
255
85
55
45
86
55
45
87
56
46
89
56
46
89
57
47
90
57
47
90
56
47
90
56
47
90
56
47
90
56
48
90
56
48
90
56
48
90
55
48
90
55
48
90
55
48
90
56
48
90
55
47
89
55
47
89
55
46
85
55
45
86
55
45
85
55
45
85
55
45
187
175
171
210
202
199
87
56
46
88
56
46
89
57
46
89
57
46
89
57
47
89
56
47
90
56
47
89
56
47
90
56
47
90
56
48
90
56
48
90
55
48
90
55
48
90
55
48
90
56
48
90
56
47
89
55
47
88
54
46
88
54
46
83
53
44
86
55
45
86
55
45
87
55
45
255
255
255
255
255
255
255
255
255
210
202
199
188
175
171
233
228
227
89
56
47
189
175
172
233
228
227
211
202
200
255
255
255
255
255
255
255
255
255
90
56
48
90
56
48
189
175
172
233
228
227
90
56
47
89
55
47
88
54
46
86
53
45
82
52
43
84
53
44
84
54
45
84
54
45
187
175
171
232
228
227
85
54
45
85
54
45
187
175
171
233
228
227
88
56
46
189
175
172
255
255
255
155
136
130
90
56
47
90
56
48
211
202
200
211
202
200
90
57
48
189
175
172
233
228
227
89
56
47
88
55
46
87
54
45
86
53
45
78
49
41
80
51
42
81
52
43
81
52
42
186
174
170
232
228
227
83
52
43
83
53
44
187
175
171
232
228
227
88
55
46
189
175
172
233
228
227
90
56
47
90
56
47
90
56
48
189
176
172
233
229
227
91
57
48
189
176
173
233
229
227
89
55
47
88
54
46
87
53
45
85
53
45
76
47
40
77
48
40
78
49
41
78
50
41
185
173
169
232
228
226
81
50
42
81
51
42
186
174
171
232
228
227
87
55
45
189
175
171
233
228
227
90
56
47
90
57
47
90
57
47
189
176
172
233
229
227
90
57
48
189
175
172
233
228
227
88
55
47
87
54
46
86
53
45
85
52
44
73
45
38
74
46
39
74
46
39
75
47
39
183
172
169
231
227
226
78
49
40
80
50
41
186
173
170
232
228
227
85
53
44
188
175
171
233
228
227
90
56
46
90
56
47
89
56
47
189
175
171
233
228
227
88
55
47
188
175
171
233
228
227
87
54
46
86
54
45
85
53
44
84
52
44
70
44
37
71
44
37
71
45
37
71
45
38
182
171
168
231
227
226
75
47
39
76
48
40
185
173
169
232
228
227
83
52
43
187
175
171
233
228
227
88
54
45
87
55
45
87
54
45
188
175
171
232
228
227
86
54
45
187
174
171
232
228
227
86
54
45
85
53
44
85
53
44
85
53
44
