10
23
37
38
39
37
39
39
37
39
39
37
39
40
37
39
40
37
39
40
37
39
40
37
39
40
37
39
40
37
39
40
37
39
40
37
39
40
37
39
40
37
39
40
37
39
40
37
39
40
37
39
40
37
39
40
37
39
41
37
39
41
37
39
41
37
39
41
38
40
41
37
38
39
37
39
39
37
39
39
37
39
40
37
39
40
37
39
40
37
39
40
37
39
40
37
39
40
37
39
40
37
39
40
37
39
40
37
39
40
37
39
40
37
39
40
37
39
40
37
39
41
37
39
41
37
39
41
37
39
41
37
39
41
37
39
41
37
40
41
37
38
39
37
39
39
37
39
40
37
39
40
37
39
40
37
39
40
37
39
40
37
39
40
37
39
40
37
39
39
37
39
39
37
39
40
37
39
40
37
39
40
37
39
40
37
39
40
37
39
40
37
39
41
37
39
41
37
39
41
37
39
41
37
40
41
37
40
41
37
38
39
37
39
40
37
39
39
37
39
39
37
39
40
37
39
40
37
39
40
37
39
40
37
39
40
37
39
40
37
39
40
37
39
40
37
39
40
37
39
40
37
39
40
37
39
40
37
39
40
37
39
41
37
39
41
37
39
41
37
39
41
37
40
41
37
40
41
37
38
40
37
39
39
37
39
39
37
39
39
37
39
40
226
226
226
255
255
255
255
255
255
255
255
255
226
226
226
37
39
40
37
39
40
37
39
40
226
226
226
255
255
255
255
255
255
255
255
255
226
226
226
37
39
41
37
39
41
37
39
41
37
40
41
37
40
41
37
38
40
37
39
39
37
39
39
37
39
40
37
39
40
37
39
40
37
39
40
37
39
40
37
39
40
226
226
226
197
197
198
37
39
40
37
39
40
37
39
40
37
39
40
37
39
40
37
39
41
226
226
226
197
197
198
37
39
41
37
39
41
37
40
41
38
40
41
36
38
39
37
39
39
37
39
40
37
39
40
37
39
40
37
39
40
37
39
40
37
39
40
37
39
40
168
169
169
197
197
198
37
39
40
37
39
40
37
39
40
37
39
40
37
39
41
37
39
41
168
169
169
197
197
198
37
39
41
37
39
41
38
40
41
38
40
41
36
38
39
37
39
40
37
39
40
37
39
40
37
39
40
81
82
83
255
255
255
255
255
255
255
255
255
255
255
255
197
197
198
37
39
40
37
39
40
81
82
83
255
255
255
255
255
255
255
255
255
255
255
255
197
197
198
37
39
41
37
40
41
38
40
41
38
40
41
36
38
40
37
38
40
37
39
40
37
39
40
124
125
126
226
226
226
37
39
40
37
39
40
37
39
40
168
169
169
197
197
198
37
39
40
124
125
127
226
226
226
37
39
41
37
39
41
37
39
41
168
169
169
197
197
198
37
39
41
38
40
41
38
40
41
38
40
41
36
38
40
37
38
40
37
39
40
37
39
40
168
169
169
226
226
226
37
39
40
37
39
40
37
39
40
226
226
226
197
197
198
37
39
41
168
169
169
226
226
226
37
39
41
37
39
41
37
39
41
226
226
226
197
197
198
37
40
41
38
40
41
38
40
41
38
40
41
