10
32
79
100
40
79
99
40
78
99
39
78
98
39
77
98
39
77
98
39
78
98
39
78
98
39
78
99
39
79
99
40
79
99
40
80
99
40
80
100
40
80
100
41
80
100
41
80
100
41
80
100
41
80
100
40
80
99
40
80
99
40
80
99
40
80
100
40
80
100
40
80
100
41
81
100
41
81
101
41
81
101
41
81
100
41
81
100
41
81
100
41
81
100
41
81
100
41
79
100
40
78
99
40
78
99
39
78
98
39
184
192
169
231
234
226
78
98
39
78
99
39
79
99
40
79
99
40
79
99
40
80
99
40
80
100
40
80
100
40
80
100
40
80
100
40
80
99
40
80
99
40
80
99
40
80
99
40
80
99
40
208
214
198
255
255
255
255
255
255
80
100
41
208
214
198
255
255
255
255
255
255
81
100
41
81
100
41
81
100
41
81
100
41
79
99
40
78
99
40
78
99
39
78
98
39
184
192
169
231
234
226
78
99
39
79
99
40
79
99
40
79
99
40
79
99
40
79
99
40
79
99
40
79
99
40
79
99
40
80
99
40
80
99
40
80
99
40
80
99
40
80
99
40
150
161
126
255
255
255
80
99
40
80
99
40
150
161
126
255
255
255
80
100
40
80
100
40
80
100
40
81
100
40
81
100
41
81
100
41
79
99
40
78
99
40
78
99
39
78
99
39
184
193
169
232
234
226
79
99
40
79
99
40
79
99
40
79
99
40
79
99
39
78
98
39
78
98
39
79
99
39
79
99
40
79
99
40
80
99
40
80
99
40
80
99
40
79
99
40
185
193
169
208
213
198
79
99
40
79
99
40
185
193
169
208
213
198
80
99
40
80
99
40
80
99
40
80
100
40
81
100
40
81
100
41
79
99
40
79
99
40
79
99
40
79
99
40
185
193
169
232
234
226
232
234
226
255
255
255
255
255
255
208
213
197
78
98
39
78
98
39
184
192
169
231
234
226
79
98
39
79
99
40
80
99
40
185
193
169
232
234
226
79
98
39
255
255
255
255
255
255
255
255
255
208
213
197
255
255
255
255
255
255
255
255
255
208
213
198
80
99
40
81
99
40
81
100
40
81
100
41
79
99
40
79
99
40
79
99
40
79
99
40
185
193
169
255
255
255
114
130
83
78
99
39
78
98
39
255
255
255
149
161
125
78
98
39
184
192
169
232
234
226
80
99
40
80
99
40
80
99
40
185
193
169
232
234
226
79
98
39
184
192
169
231
234
226
79
98
39
79
98
39
185
192
169
232
234
226
80
99
40
80
99
40
80
99
40
80
99
40
81
100
40
81
100
40
78
99
40
79
99
40
79
99
40
79
99
40
185
193
169
232
234
226
78
99
40
78
98
39
78
98
39
208
213
197
208
213
197
78
98
39
185
193
169
232
234
226
80
100
41
81
100
41
80
100
41
185
193
169
232
234
226
79
99
40
185
193
169
232
234
226
79
98
39
79
98
39
185
192
169
232
234
226
80
98
39
80
98
40
80
99
40
80
99
40
80
99
40
80
99
40
79
99
40
79
99
40
79
99
40
79
99
40
185
193
169
232
234
226
78
98
39
78
98
39
78
98
39
184
192
169
231
234
226
79
99
40
185
193
169
232
234
226
81
101
42
81
101
41
81
100
41
185
193
169
232
234
226
80
99
40
185
193
169
232
234
226
79
98
39
79
98
39
185
192
169
232
234
226
79
98
39
79
98
39
80
98
39
80
98
39
80
98
39
80
98
39
79
99
40
79
99
40
79
99
40
79
99
40
185
193
169
231
234
226
78
98
39
78
98
39
78
98
39
208
213
197
208
213
198
80
100
41
185
193
169
232
235
227
81
102
42
81
101
42
81
101
41
185
193
169
232
234
226
80
100
40
185
193
169
232
234
226
79
98
39
78
97
39
184
192
169
231
234
226
78
97
39
79
97
39
79
97
39
79
98
39
80
98
39
80
98
39
80
99
40
80
99
40
80
99
40
80
99
40
185
193
169
232
234
226
79
99
39
78
98
39
114
130
83
255
255
255
150
162
127
81
101
41
151
163
127
255
255
255
81
101
41
81
101
41
80
100
41
255
255
255
232
234
226
80
99
40
185
193
169
232
234
226
78
97
39
78
97
38
184
192
168
231
234
226
78
97
38
78
97
38
78
97
38
79
97
39
79
97
39
80
98
39
