10
51
41
33
17
40
32
16
39
30
13
37
27
11
36
25
9
36
25
9
36
25
9
37
26
10
38
27
11
38
28
11
38
28
11
38
28
11
38
28
11
37
26
10
36
25
9
37
26
9
37
26
10
38
27
10
38
27
10
38
27
10
39
28
11
40
30
12
41
31
13
42
32
13
43
33
13
44
34
14
44
34
14
44
34
15
44
35
15
44
35
15
45
35
16
44
34
15
44
33
13
42
32
12
40
31
12
39
29
11
39
28
11
40
31
12
41
32
13
41
32
13
41
32
13
41
32
13
41
32
13
41
32
13
41
32
13
41
32
15
42
32
16
42
33
16
42
33
16
42
33
17
42
33
17
40
31
15
38
28
13
36
25
10
35
23
8
36
25
9
37
26
10
38
27
10
38
27
11
38
28
11
38
28
11
38
28
11
38
28
11
38
27
10
37
26
10
37
26
9
37
26
10
38
27
10
39
28
11
39
28
11
40
30
11
41
31
12
41
31
12
42
32
13
43
33
14
44
34
15
45
35
16
45
35
16
45
35
16
44
35
16
44
35
16
44
35
16
43
34
15
42
34
14
41
32
13
40
31
12
39
29
11
39
30
12
40
32
13
41
32
13
41
33
13
41
32
13
41
32
13
41
32
13
41
32
13
41
33
14
41
33
15
42
33
16
42
33
16
42
33
16
42
33
16
42
33
16
37
27
11
36
25
10
36
25
9
36
25
9
37
26
10
38
28
11
38
28
11
38
28
11
38
28
11
38
28
11
38
28
11
38
28
11
38
27
10
37
26
10
38
27
10
39
28
11
39
29
11
40
30
12
41
31
12
42
32
13
42
32
13
42
32
13
42
33
14
44
34
15
44
36
16
44
36
16
44
36
16
44
36
16
44
36
17
44
36
17
43
35
16
42
35
16
42
34
15
41
32
13
40
31
12
40
31
12
40
32
13
41
33
14
41
33
14
41
33
13
41
32
13
41
32
13
41
32
13
41
33
14
41
33
15
42
33
16
42
33
16
42
33
16
42
33
16
42
33
16
42
33
16
35
24
8
36
25
9
37
26
10
38
27
10
38
28
11
38
28
11
38
28
11
38
28
11
38
28
11
38
28
11
38
28
11
38
28
11
38
27
10
38
28
10
39
28
11
40
30
11
40
30
12
41
31
12
41
32
12
41
32
12
41
32
13
42
33
13
42
34
15
43
36
16
44
36
17
43
36
17
43
36
17
43
36
17
43
36
17
43
36
17
42
35
16
42
34
15
41
33
15
41
33
13
40
32
13
41
33
13
42
34
15
42
35
15
42
34
15
41
33
14
41
33
13
41
33
13
41
32
13
41
33
14
41
33
15
42
33
16
42
33
16
42
33
17
42
33
17
42
33
16
42
33
16
37
26
10
38
27
10
38
27
11
38
28
11
38
28
11
168
164
157
255
255
255
255
255
255
255
255
255
82
73
60
39
28
11
82
73
60
255
255
255
255
255
255
255
255
255
169
165
157
40
31
12
41
31
12
169
166
158
226
225
223
42
33
13
42
34
14
42
35
15
170
167
159
227
226
223
43
36
17
43
36
17
170
167
160
255
255
255
255
255
255
255
255
255
85
78
63
41
33
14
84
77
62
255
255
255
255
255
255
255
255
255
170
167
159
42
34
15
42
34
15
169
167
159
226
225
223
41
32
13
41
32
15
42
32
15
170
166
159
227
225
223
42
33
16
42
33
16
42
33
16
42
33
16
38
28
11
39
28
11
39
28
11
39
28
11
125
119
109
255
255
255
39
29
12
39
30
12
125
120
109
125
120
109
39
29
11
255
255
255
125
119
109
39
29
11
40
30
11
255
255
255
127
121
109
41
32
12
169
166
158
226
225
223
42
33
13
42
34
14
42
34
15
170
167
159
227
226
223
43
36
17
128
124
112
255
255
255
42
35
16
41
34
15
127
122
110
126
122
110
41
33
14
255
255
255
127
123
111
42
35
15
42
35
15
255
255
255
128
123
111
42
35
15
169
167
159
226
225
223
41
32
14
41
32
15
42
32
16
170
166
159
227
225
223
42
33
16
42
33
16
42
33
16
42
33
16
39
29
12
39
29
11
39
28
11
39
28
11
197
195
190
169
165
158
40
30
12
40
30
12
40
30
12
40
30
12
169
165
157
226
225
222
40
30
11
40
30
11
40
30
11
169
165
158
198
196
190
42
33
13
170
166
158
227
225
223
42
33
13
41
33
14
41
34
15
169
167
159
226
226
223
41
34
15
198
196
191
169
166
159
40
32
13
40
31
12
39
31
12
40
32
13
170
167
159
227
226
223
43
36
15
44
37
16
44
37
16
170
167
159
198
196
191
42
34
15
169
166
159
226
225
223
41
32
15
42
32
15
42
33
16
170
166
159
227
225
223
42
33
16
42
33
16
42
34
16
42
34
16
40
30
12
39
30
11
39
29
11
39
29
11
226
225
223
169
165
158
40
30
12
40
30
12
40
30
12
40
31
12
169
165
158
226
225
223
40
31
12
40
30
11
40
31
12
169
166
158
226
225
223
41
33
13
169
166
158
226
225
223
41
33
13
41
33
13
40
33
13
169
166
158
226
225
223
40
32
13
226
225
223
169
166
158
40
31
12
39
31
12
40
31
12
41
33
13
170
167
159
227
226
223
44
37
16
44
38
17
44
37
16
170
167
159
227
226
223
42
34
15
169
166
159
226
225
223
42
33
15
42
33
16
42
33
16
170
166
159
227
225
223
43
34
16
43
34
16
44
34
16
44
34
16
40
30
12
40
30
12
40
30
12
40
30
12
198
195
190
169
165
158
40
31
12
40
31
13
40
31
13
41
32
13
169
166
158
226
225
223
40
31
11
40
30
11
40
31
12
169
166
158
198
196
190
41
32
12
170
166
158
226
225
223
41
32
13
40
32
13
40
32
13
169
166
158
226
225
223
40
32
13
198
196
190
169
166
158
39
31
12
39
31
12
40
32
13
42
34
14
170
167
159
227
226
223
45
38
17
45
38
17
44
37
17
171
168
160
198
197
191
42
34
15
170
167
159
227
226
223
43
34
16
44
34
16
44
34
16
171
167
159
227
226
223
44
34
16
44
34
16
44
35
16
44
35
17
40
30
12
40
31
12
40
31
12
40
31
13
126
121
110
255
255
255
41
32
14
41
33
15
127
122
110
127
122
110
41
33
12
255
255
255
126
120
109
40
30
11
40
31
12
255
255
255
127
121
109
41
32
12
127
121
109
255
255
255
40
32
13
40
32
13
39
31
12
255
255
255
226
225
223
40
32
12
126
121
109
255
255
255
39
30
11
39
31
12
127
121
110
127
122
111
43
36
16
255
255
255
129
125
113
45
38
18
45
38
18
255
255
255
128
124
112
42
34
15
127
122
111
255
255
255
44
34
16
44
34
16
44
34
16
255
255
255
227
226
223
44
35
16
44
35
17
44
35
17
44
36
17
