10
32
32
31
31
32
31
31
32
31
31
32
31
31
32
31
31
32
31
31
32
31
31
32
31
31
32
31
30
32
31
30
32
31
31
32
31
31
32
31
31
33
32
31
33
32
32
33
33
32
34
33
32
34
34
32
34
33
32
34
34
33
34
34
33
34
34
33
34
35
33
34
35
34
35
35
34
35
35
34
35
36
34
36
37
35
36
38
37
37
38
37
37
38
38
37
39
39
32
30
30
32
30
30
32
30
30
32
30
30
166
165
165
225
225
225
32
30
30
32
31
30
32
31
30
32
31
31
32
31
31
32
31
31
32
31
31
33
32
31
33
32
31
33
32
32
33
33
32
33
33
32
34
33
32
34
33
32
34
33
32
196
196
196
255
255
255
255
255
255
34
34
33
196
196
196
255
255
255
255
255
255
36
37
36
37
38
37
37
38
38
37
39
39
32
30
30
32
30
30
32
30
30
32
30
30
166
165
165
225
225
225
32
30
30
32
31
30
32
31
30
32
31
30
32
31
30
32
31
30
32
31
31
32
31
31
32
32
31
33
32
31
33
32
32
33
33
32
33
32
32
34
33
32
122
122
121
255
255
255
33
34
32
34
34
32
122
122
121
255
255
255
35
35
34
35
36
34
35
37
35
36
37
37
37
38
37
37
38
38
32
30
30
31
30
30
32
30
30
32
30
30
166
165
165
225
225
225
32
30
30
32
30
30
32
30
30
32
30
30
32
30
30
32
30
30
32
30
30
32
31
31
32
31
31
32
32
31
33
32
31
33
32
31
33
32
31
33
32
31
166
166
165
196
196
195
33
33
32
34
33
32
167
167
166
196
196
196
34
35
33
35
35
34
35
36
35
36
37
37
36
38
37
37
38
38
31
29
30
31
29
30
31
30
30
31
29
30
165
165
165
225
225
225
225
225
225
255
255
255
255
255
255
195
195
195
31
30
30
31
30
30
165
165
165
225
225
225
32
31
30
32
31
31
32
31
31
166
166
165
225
225
225
33
32
31
255
255
255
255
255
255
255
255
255
196
196
196
255
255
255
255
255
255
255
255
255
196
196
196
35
36
35
35
37
36
36
37
37
37
38
38
31
29
29
31
29
29
31
29
29
31
29
29
165
165
165
255
255
255
76
74
74
31
29
30
31
29
30
255
255
255
121
119
120
31
29
30
165
165
165
225
225
225
32
30
30
32
31
30
32
31
31
166
166
165
225
225
225
33
32
31
166
166
165
225
225
225
33
33
32
33
33
32
166
167
166
226
226
225
34
35
33
34
35
34
35
36
35
35
37
36
36
37
37
37
38
38
31
28
29
31
28
29
31
28
29
31
28
29
165
165
165
225
225
225
31
29
29
31
29
29
31
29
29
195
195
195
195
195
195
31
29
29
165
165
165
225
225
225
32
30
30
32
31
30
32
31
31
166
165
165
225
225
225
33
32
31
166
166
165
225
225
225
33
33
32
33
33
32
166
167
166
226
226
225
34
34
33
34
35
34
35
36
35
35
37
36
36
37
37
36
38
38
31
28
28
31
28
28
31
28
28
31
28
28
165
165
164
225
225
225
31
29
29
31
29
29
31
29
29
165
165
165
225
225
225
31
29
29
165
165
165
225
225
225
31
30
30
32
31
30
32
31
30
166
165
165
225
225
225
32
32
31
166
166
165
225
225
225
33
33
32
33
33
32
166
166
166
225
226
225
34
34
33
34
35
34
35
35
35
35
36
35
35
37
37
36
37
38
31
28
28
31
28
28
31
28
28
31
29
28
165
165
164
225
225
225
31
29
29
31
29
29
31
29
29
195
195
195
195
195
195
31
29
29
165
165
165
225
225
225
31
30
30
32
31
30
32
31
30
166
165
165
225
225
225
32
32
31
166
166
165
225
225
225
33
33
32
33
33
32
166
166
166
225
226
225
34
34
33
34
35
34
34
35
35
35
36
35
35
37
37
35
37
37
30
28
28
31
28
28
31
29
28
31
28
28
165
165
164
225
225
225
31
29
29
31
28
29
76
73
74
255
255
255
121
119
119
31
28
29
121
119
119
255
255
255
31
30
30
31
30
30
32
31
30
255
255
255
225
225
225
32
32
31
166
166
165
225
225
225
33
33
32
33
33
32
166
166
166
225
226
225
34
34
33
34
35
34
34
35
34
35
35
35
35
36
36
35
37
37
