10
32
69
65
38
68
64
37
67
64
36
67
63
36
67
63
36
67
63
36
67
63
36
67
63
36
67
63
36
67
63
36
69
66
38
71
68
39
72
69
40
72
71
41
72
71
41
72
71
41
72
71
41
72
71
41
72
71
41
73
72
41
73
72
41
73
72
41
73
72
41
73
72
41
73
72
41
73
72
41
73
72
41
73
72
41
73
72
41
73
70
40
72
69
39
72
69
39
69
64
37
68
64
37
68
63
36
68
63
36
180
178
167
230
229
226
67
63
36
67
63
36
67
63
36
69
65
38
71
67
39
72
69
40
72
70
41
72
71
41
72
71
41
72
71
41
72
71
41
72
71
41
72
72
41
73
72
41
73
72
41
206
206
198
255
255
255
255
255
255
73
72
41
206
206
198
255
255
255
255
255
255
73
71
41
72
69
40
72
69
39
72
69
39
68
64
37
68
63
37
69
63
37
69
64
37
181
178
168
230
229
226
68
63
36
67
63
36
68
64
37
71
67
39
73
70
41
73
70
42
73
71
42
73
71
43
73
71
42
73
71
42
73
71
42
73
71
41
73
71
41
73
71
41
146
145
127
255
255
255
73
72
42
73
72
42
146
145
127
255
255
255
73
72
42
73
71
41
72
70
40
72
69
40
72
69
40
72
69
40
67
63
37
68
63
37
68
63
37
68
63
37
180
178
168
230
229
226
67
63
37
67
63
37
71
66
39
73
69
41
73
70
42
73
71
43
73
71
43
73
71
43
73
71
43
73
71
42
73
70
42
73
70
41
73
70
41
72
70
42
182
181
170
206
206
198
72
71
43
72
71
43
182
181
170
206
206
198
72
71
42
72
71
42
72
71
41
72
70
40
71
69
40
71
68
39
67
63
37
67
63
37
67
63
37
68
63
37
180
178
168
230
229
226
230
229
226
255
255
255
255
255
255
206
206
198
73
71
43
73
71
43
182
181
170
231
230
227
73
71
43
73
70
42
73
70
41
182
181
169
231
230
226
72
70
42
255
255
255
255
255
255
255
255
255
206
206
198
255
255
255
255
255
255
255
255
255
206
206
198
72
70
41
71
69
40
70
68
39
70
67
39
67
63
37
67
63
37
67
63
37
67
63
37
180
178
168
255
255
255
107
103
81
73
68
40
73
70
42
255
255
255
146
145
128
73
71
43
182
181
170
231
230
227
73
70
42
73
70
41
73
70
41
182
181
169
231
230
226
72
70
41
182
181
170
231
230
227
72
71
43
72
71
43
182
181
170
231
230
227
72
71
42
72
71
41
71
70
41
71
69
40
70
68
39
69
66
38
68
63
37
67
63
37
67
63
37
68
63
37
181
178
168
230
230
226
72
67
39
73
70
42
73
71
42
206
206
198
206
206
198
73
71
43
182
181
170
231
230
227
73
70
42
73
70
42
72
70
42
182
181
170
231
230
226
72
70
42
182
181
170
231
230
227
72
70
42
72
70
42
182
181
170
231
230
227
72
71
41
71
70
41
71
69
40
70
68
39
70
67
38
69
66
38
68
63
37
67
63
37
67
63
37
69
63
37
181
179
168
231
230
226
73
69
41
73
70
42
73
71
43
182
181
170
231
230
227
73
70
42
182
181
170
231
230
227
73
70
42
73
71
42
72
71
42
182
181
170
231
230
227
72
70
42
182
181
170
231
230
227
72
70
42
72
70
41
182
181
169
231
230
226
71
70
41
71
69
40
70
68
40
70
67
39
69
66
38
69
66
38
69
64
37
69
63
37
69
64
37
70
65
38
181
180
169
231
230
226
73
70
41
73
70
41
73
71
42
206
206
198
206
206
198
73
70
41
182
181
169
231
230
226
73
71
42
72
71
43
72
71
42
182
181
170
231
230
227
72
70
41
182
181
169
231
230
227
72
70
42
72
69
41
181
181
169
230
230
226
71
69
40
71
69
40
70
67
39
69
66
38
69
66
38
69
66
38
69
64
37
70
65
38
70
66
38
71
67
39
182
180
169
231
230
226
72
70
40
72
70
40
109
107
83
255
255
255
145
144
126
72
70
40
145
143
126
255
255
255
72
70
42
72
70
42
72
70
42
255
255
255
231
230
226
72
69
41
182
181
169
231
230
226
71
69
41
71
68
40
181
180
169
230
230
226
70
68
40
70
67
39
69
67
38
69
66
38
69
66
38
69
66
38
