10
23
32
31
31
32
31
31
32
31
31
32
31
31
32
31
31
32
31
31
32
31
31
32
31
31
32
31
30
32
31
30
32
31
31
32
31
31
32
31
31
33
32
31
33
32
32
33
33
32
34
33
32
34
34
32
34
33
32
34
34
33
34
34
33
34
34
33
34
35
33
32
30
30
32
30
30
32
30
30
32
30
30
32
31
30
32
31
30
32
30
30
32
31
30
32
31
30
32
31
31
32
31
31
32
31
31
32
31
31
33
32
31
33
32
31
33
32
32
33
33
32
33
33
32
34
33
32
34
33
32
34
33
32
34
34
33
34
34
33
32
30
30
32
30
30
32
30
30
32
30
30
32
30
30
32
30
30
32
30
30
32
31
30
32
31
30
32
31
30
32
31
30
32
31
30
32
31
31
32
31
31
32
32
31
33
32
31
33
32
32
33
33
32
33
32
32
34
33
32
34
33
32
33
33
32
33
34
32
32
30
30
31
30
30
32
30
30
32
30
30
32
30
30
32
30
30
32
30
30
32
30
30
32
30
30
32
30
30
32
30
30
32
30
30
32
30
30
32
31
31
32
31
31
32
32
31
33
32
31
33
32
31
33
32
31
33
32
31
33
32
31
33
33
31
33
33
32
31
29
30
31
29
30
31
30
30
31
29
30
31
29
30
225
225
225
255
255
255
255
255
255
255
255
255
225
225
225
31
30
30
31
30
30
31
30
30
225
225
225
255
255
255
255
255
255
255
255
255
225
225
225
33
32
31
33
32
31
33
32
31
33
32
31
33
33
31
31
29
29
31
29
29
31
29
29
31
29
29
31
29
29
31
30
29
31
29
29
31
29
30
31
29
30
225
225
225
195
195
195
31
29
30
31
30
30
31
30
30
32
30
30
32
31
30
32
31
31
225
225
225
196
196
195
33
32
31
33
32
31
33
32
31
33
33
32
31
28
29
31
28
29
31
28
29
31
28
29
31
29
29
31
29
29
31
29
29
31
29
29
31
29
29
165
165
165
195
195
195
31
29
29
31
30
30
31
30
30
32
30
30
32
31
30
32
31
31
166
165
165
196
196
195
33
32
31
33
32
31
33
33
31
33
33
32
31
28
28
31
28
28
31
28
28
31
28
28
31
29
28
76
74
73
255
255
255
255
255
255
255
255
255
255
255
255
195
195
195
31
29
29
31
30
30
76
75
75
255
255
255
255
255
255
255
255
255
255
255
255
196
196
195
32
32
31
33
32
31
33
32
32
33
33
32
31
28
28
31
28
28
31
28
28
31
29
28
121
119
119
225
225
225
31
29
29
31
29
29
31
29
29
165
165
165
195
195
195
31
29
29
121
119
120
225
225
225
31
30
30
32
31
30
32
31
30
166
165
165
196
196
195
32
32
31
32
32
31
33
32
31
33
33
32
30
28
28
31
28
28
31
29
28
31
28
28
165
165
164
225
225
225
31
29
29
31
28
29
31
28
29
225
225
225
195
194
195
31
28
29
165
165
165
225
225
225
31
30
30
31
30
30
32
31
30
225
225
225
196
195
195
32
32
31
32
32
31
32
32
31
33
33
32
