10
32
51
45
49
51
46
49
51
46
50
52
46
50
52
47
50
52
47
50
52
47
50
52
48
50
52
48
50
52
47
50
52
47
50
52
47
50
52
47
50
52
47
49
52
47
49
52
47
49
51
47
49
50
47
49
50
46
49
50
46
49
50
46
49
50
46
49
50
46
48
50
46
48
50
46
48
50
46
48
50
46
48
50
46
48
50
46
49
51
47
49
51
47
49
51
47
49
51
45
49
51
46
50
52
46
50
52
46
50
174
172
173
228
227
228
52
47
50
52
47
50
52
47
50
52
47
50
52
47
50
52
47
50
52
47
50
52
47
50
52
47
50
52
47
49
52
47
49
51
47
49
50
47
49
50
46
49
50
46
49
200
199
200
255
255
255
255
255
255
50
46
48
200
199
200
255
255
255
255
255
255
50
47
49
51
47
49
52
47
49
51
47
50
51
45
49
51
46
50
51
46
50
52
46
50
174
172
173
228
227
228
52
47
50
52
47
50
52
47
50
52
47
50
52
47
50
52
47
50
52
48
50
52
47
50
52
47
50
52
47
49
52
47
49
51
47
49
50
47
49
50
46
48
132
130
131
255
255
255
50
46
49
50
46
49
132
130
131
255
255
255
50
46
49
50
47
49
51
47
49
51
47
49
52
47
49
51
47
50
51
46
49
51
46
50
51
46
50
52
47
50
174
172
173
228
227
228
52
47
50
52
47
50
52
47
50
52
47
49
52
47
50
52
48
50
52
48
50
52
47
50
52
47
50
52
47
50
52
47
49
51
47
49
50
47
49
50
46
48
173
171
173
200
199
200
50
46
49
50
46
49
173
172
173
201
200
200
51
47
49
51
47
49
51
47
49
51
47
49
51
47
50
52
48
49
51
46
49
51
46
50
51
46
50
51
47
50
174
172
173
228
227
228
228
227
228
255
255
255
255
255
255
201
200
200
52
48
50
52
48
50
174
172
173
228
227
228
52
48
50
51
47
49
51
47
49
173
172
173
228
227
228
50
46
49
255
255
255
255
255
255
255
255
255
200
200
200
255
255
255
255
255
255
255
255
255
200
200
200
51
47
50
51
47
49
51
47
49
52
47
49
51
46
50
51
46
50
51
46
50
51
47
50
173
172
173
255
255
255
92
89
91
52
47
50
52
47
50
255
255
255
133
131
132
52
48
50
174
172
173
228
227
228
52
47
50
51
47
49
51
47
49
173
172
173
228
227
228
50
46
49
173
172
173
228
227
228
50
47
49
50
47
49
173
172
173
228
227
228
51
47
49
51
47
49
51
47
49
51
47
49
51
47
49
51
47
49
51
46
50
51
46
50
50
47
50
51
47
50
173
172
173
228
227
228
52
47
50
52
47
50
52
47
50
201
200
200
201
200
200
52
47
50
174
172
173
228
227
228
51
47
49
51
47
49
51
47
49
173
172
173
228
227
228
50
46
49
173
172
173
228
227
228
50
47
49
51
47
49
173
172
173
228
227
228
50
47
49
51
47
49
50
47
49
50
46
49
50
46
48
51
47
49
51
47
50
51
47
50
51
47
50
51
47
50
173
172
173
228
227
228
52
47
50
52
47
50
52
47
50
174
172
173
228
227
228
52
47
50
174
172
173
228
227
228
51
47
49
51
47
49
51
46
49
173
172
173
228
227
228
50
47
49
173
172
173
228
227
228
51
47
49
51
47
49
173
172
173
228
227
228
50
47
49
50
46
49
50
46
49
50
46
48
50
46
48
50
47
49
51
47
50
51
47
50
51
47
50
51
47
50
173
172
173
228
227
228
51
47
50
51
47
50
52
47
50
201
200
200
201
200
200
52
48
50
174
172
173
228
227
228
51
47
49
51
47
49
50
46
48
173
172
173
228
227
228
50
47
49
173
172
173
228
227
228
51
47
49
50
47
49
173
172
173
228
227
228
50
46
49
50
46
49
50
46
49
50
46
49
50
46
49
50
47
49
51
47
50
51
47
50
51
47
50
51
47
50
173
172
173
228
227
228
51
47
50
51
47
50
92
89
91
255
255
255
133
130
132
51
47
50
133
130
131
255
255
255
51
47
49
50
47
48
50
46
48
255
255
255
228
227
228
50
47
49
173
172
173
228
227
228
50
47
49
50
46
49
173
172
173
228
227
228
50
46
49
50
46
48
50
46
48
50
46
49
50
47
49
50
46
49
