14
28
13
8
7
13
8
7
13
8
7
13
8
7
13
8
7
13
8
7
13
8
7
13
8
7
13
8
7
13
8
7
13
8
7
13
8
7
13
8
7
13
8
7
13
8
7
12
8
7
12
8
7
12
8
7
12
8
7
12
8
7
12
8
7
12
8
7
12
8
7
12
8
7
12
8
7
12
8
7
12
8
7
12
8
7
13
8
7
13
8
7
144
88
149
203
123
212
13
8
7
13
8
7
13
8
7
13
8
7
13
8
7
13
8
7
13
8
7
13
8
7
13
8
7
13
8
7
13
8
7
13
8
7
12
8
7
12
8
7
12
8
7
173
106
181
232
141
244
232
141
244
12
8
7
173
106
181
232
141
244
232
141
244
12
8
7
12
8
7
13
8
7
13
8
7
144
88
149
202
123
212
2
1
1
13
8
7
13
8
7
13
8
7
13
8
7
13
8
7
13
8
7
13
8
7
13
8
7
13
8
7
13
8
7
13
8
7
13
8
7
12
8
7
100
61
102
232
141
244
3
2
2
0
0
0
93
56
98
232
141
244
3
2
2
0
0
0
0
0
0
12
8
7
13
8
7
13
8
7
144
88
149
202
123
212
2
1
1
13
8
7
13
8
7
13
8
7
13
8
7
13
8
7
13
8
7
13
8
7
13
8
7
13
8
7
13
8
7
13
8
7
13
8
7
13
8
7
144
88
149
172
105
180
0
0
0
12
8
7
144
88
149
172
105
180
0
0
0
12
8
7
12
8
7
12
8
7
13
8
7
13
8
7
144
88
149
202
123
212
201
122
212
232
141
244
232
141
244
174
106
181
13
8
7
13
8
7
144
88
149
203
123
212
13
8
7
13
8
7
13
8
7
144
88
149
203
123
212
13
8
7
232
141
244
232
141
244
232
141
244
173
106
181
232
141
244
232
141
244
232
141
244
173
106
181
12
8
7
12
8
7
13
8
7
13
8
7
144
88
149
232
141
244
48
29
50
2
1
1
0
0
0
232
141
244
95
58
99
13
8
7
144
88
149
202
123
212
2
1
1
13
8
7
13
8
7
144
88
149
202
123
212
2
1
1
144
88
149
201
122
211
0
0
0
0
0
0
140
85
147
201
122
211
0
0
0
0
0
0
3
2
2
12
8
7
13
8
7
13
8
7
144
88
149
202
123
212
0
0
0
10
6
6
13
8
7
174
106
181
170
103
179
8
5
4
144
88
149
202
123
212
2
1
1
13
8
7
13
8
7
144
88
149
202
123
212
2
1
1
144
88
149
202
123
212
2
1
1
12
8
7
144
88
149
202
123
212
2
1
1
12
8
7
12
8
7
12
8
7
13
8
7
13
8
7
144
88
149
202
123
212
2
1
1
13
8
7
13
8
7
144
88
149
201
122
212
3
2
2
144
88
149
202
123
212
2
1
1
13
8
7
13
8
7
144
88
149
202
123
212
2
1
1
144
88
149
202
123
212
2
1
1
13
8
7
144
88
149
202
123
212
2
1
1
12
8
7
12
8
7
12
8
7
13
8
7
13
8
7
144
88
149
202
123
212
2
1
1
13
8
7
13
8
7
174
106
181
171
104
180
2
1
1
144
88
149
202
123
212
2
1
1
13
8
7
13
8
7
144
88
149
202
123
212
2
1
1
144
88
149
202
123
212
2
1
1
13
8
7
144
88
149
202
123
212
2
1
1
12
8
7
12
8
7
12
8
7
13
8
7
13
8
7
144
88
149
202
123
212
2
1
1
13
8
7
57
35
54
232
141
244
95
58
99
3
2
2
101
61
102
232
141
244
2
1
1
13
8
7
13
8
7
232
141
244
202
123
212
2
1
1
144
88
149
202
123
212
2
1
1
13
8
7
144
88
149
202
123
212
2
1
1
12
8
7
12
8
7
12
8
7
13
8
7
13
8
7
144
88
149
232
141
244
232
141
244
232
141
244
232
141
244
99
60
101
0
0
0
8
5
4
13
8
7
172
105
180
232
141
244
232
141
244
232
141
244
144
88
149
201
122
211
2
1
1
144
88
149
202
123
212
2
1
1
13
8
7
144
88
149
202
123
212
2
1
1
12
8
7
12
8
7
12
8
7
13
8
7
13
8
7
13
8
7
5
3
3
0
0
0
0
0
0
0
0
0
0
0
0
8
5
4
13
8
7
13
8
7
13
8
7
3
2
2
0
0
0
0
0
0
0
0
0
5
3
3
2
1
1
13
8
7
5
3
3
2
1
1
13
8
7
13
8
7
5
3
3
2
1
1
12
8
7
12
8
7
12
8
7
13
8
7
13
8
7
13
8
7
13
8
7
13
8
7
13
8
7
13
8
7
13
8
7
13
8
7
13
8
7
13
8
7
13
8
7
13
8
7
13
8
7
13
8
7
13
8
7
13
8
7
13
8
7
13
8
7
13
8
7
13
8
7
13
8
7
13
8
7
13
8
7
13
8
7
12
8
7
12
8
7
12
8
7
13
8
7
13
8
7
13
8
7
13
8
7
13
8
7
13
8
7
13
8
7
13
8
7
13
8
7
13
8
7
13
8
7
13
8
7
13
8
7
13
8
7
13
8
7
13
8
7
13
8
7
13
8
7
13
8
7
13
8
7
13
8
7
13
8
7
13
8
7
13
8
7
13
8
7
13
8
7
12
8
7
12
8
7
