15
15
3
6
11
189
150
0
64
65
0
28
63
96
21
47
72
110
66
0
176
71
0
176
71
0
110
66
0
21
47
72
28
63
96
64
65
0
189
150
0
3
6
11
25
25
93
0
0
0
184
103
0
150
120
0
9
16
32
3
5
10
184
89
0
244
164
0
244
164
0
184
89
0
3
5
10
9
16
32
150
120
0
184
103
0
0
0
0
25
25
93
0
0
0
229
187
0
112
65
0
8
9
30
111
51
0
190
89
0
245
156
0
245
156
0
190
89
0
111
51
0
8
9
30
112
65
0
229
187
0
0
0
0
25
28
95
1
1
3
241
223
0
177
125
0
74
43
0
126
55
0
225
142
0
251
162
0
251
162
0
225
142
0
126
55
0
74
43
0
177
125
0
241
223
0
1
1
3
26
38
102
1
2
3
247
247
0
249
224
0
203
124
0
235
169
0
255
211
0
255
181
0
255
181
0
255
211
0
235
169
0
203
124
0
249
224
0
247
247
0
1
2
3
26
50
111
1
2
4
197
158
0
198
148
0
195
136
0
193
121
0
189
108
0
187
92
0
187
92
0
189
108
0
193
121
0
195
136
0
198
148
0
197
158
0
1
2
4
27
67
122
2
5
8
228
235
0
228
222
0
225
203
0
221
182
0
216
164
0
213
140
0
213
140
0
216
164
0
221
182
0
225
203
0
228
222
0
228
235
0
2
5
8
31
75
119
14
43
62
2
6
9
1
3
4
1
3
4
1
3
4
1
3
4
1
3
4
1
3
4
1
3
4
1
3
4
1
3
4
1
3
4
2
6
9
14
43
62
21
51
71
23
63
82
31
99
134
28
108
150
27
108
151
27
108
150
28
108
150
27
108
150
27
108
150
28
108
150
27
108
150
27
108
151
28
108
150
31
99
134
23
63
82
21
22
50
20
25
55
19
54
70
29
95
126
29
109
146
29
114
154
29
115
154
28
115
154
28
115
154
29
115
154
29
114
154
29
109
146
29
95
126
19
54
70
23
23
50
31
28
70
24
21
62
28
24
70
12
25
37
26
72
94
32
98
130
31
109
146
30
113
151
30
113
151
31
109
146
32
98
130
26
72
94
13
24
36
30
23
67
27
25
64
178
178
178
159
158
158
74
72
88
28
24
86
28
32
84
21
23
51
11
10
21
1
1
3
1
1
2
11
10
20
23
22
48
32
29
77
28
24
86
73
69
81
188
187
186
219
219
219
238
242
244
219
219
219
117
116
116
55
53
82
28
23
88
22
17
97
26
19
119
26
19
119
22
17
97
28
24
90
59
57
85
122
121
119
221
221
221
226
226
227
157
157
157
179
199
209
215
225
230
245
246
247
228
228
228
193
193
193
154
154
154
123
123
123
123
123
123
154
154
154
193
193
193
228
228
228
243
244
244
222
226
227
188
188
188
37
37
37
150
178
190
151
178
189
174
195
204
199
214
221
222
231
234
239
243
245
251
252
252
251
252
252
239
243
245
222
231
234
199
215
220
201
211
216
207
207
207
59
59
59
10
6
1
